0.06682357788085935
0.12666664123535154
0.1879402160644531
0.29713592529296873
0.15980682373046873
0.16409835815429685
0.09948692321777342
0.09901008605957029
0.1650520324707031
0.31430206298828123
0.32479248046875
0.22632560729980467
0.20534477233886717
0.12618980407714842
0.17601928710937498
0.40394744873046873
0.3455348968505859
0.2821155548095703
0.1733966827392578
0.3507801055908203
0.4974075317382813
0.5865760803222657
0.12642822265624998
0.3152557373046875
0.3393360137939453
0.14144859313964842
0.2203651428222656
0.13858757019042967

