0.05537948608398435
0.1211830139160156
0.18770179748535154
0.29427490234375
0.16433677673339842
0.16672096252441404
0.09471855163574217
0.12475929260253904
0.16552886962890623
0.31477890014648435
0.32121620178222654
0.23657760620117185
0.20820579528808592
0.12809715270996092
0.1791187286376953
0.40513954162597654
0.3271766662597656
0.27973136901855467
0.1733966827392578
0.3264614105224609
0.4993148803710938
0.5777545928955079
0.12547454833984373
0.3126331329345703
0.34291229248046873
0.13429603576660154
0.21774253845214842
0.1352497100830078

