0.07302246093749998
0.1192756652832031
0.1803108215332031
0.3202625274658203
0.15956840515136717
0.15503845214843748
0.0963874816894531
0.10163269042968748
0.13858757019042967
0.30953369140625
0.2985664367675781
0.2241798400878906
0.20653686523437498
0.10878524780273435
0.1810260772705078
0.38034400939941404
0.31239471435546873
0.2527900695800781
0.1650520324707031
0.26900253295898435
0.47070465087890623
0.5779930114746095
0.10115585327148435
0.28616867065429685
0.3157325744628906
0.1333423614501953
0.20987472534179685
0.1333423614501953

