0.07016143798828123
0.12094459533691404
0.17744979858398435
0.31978569030761717
0.15861473083496092
0.15766105651855467
0.09734115600585935
0.09757957458496092
0.13620338439941404
0.3131099700927734
0.29499015808105467
0.22942504882812498
0.1981922149658203
0.10687789916992185
0.18054924011230467
0.37915191650390623
0.30977210998535154
0.24754486083984373
0.17125091552734373
0.2470680236816406
0.47571144104003904
0.5827613830566407
0.09853324890136717
0.28926811218261717
0.32312355041503904
0.12833557128906248
0.21440467834472654
0.1307197570800781

