0.06539306640624998
0.12452087402343748
0.18579444885253904
0.28926811218261717
0.15408477783203123
0.16672096252441404
0.0944801330566406
0.09757957458496092
0.14144859313964842
0.31215629577636717
0.30142745971679685
0.2260871887207031
0.20677528381347654
0.13310394287109373
0.17888031005859373
0.3996559143066406
0.31477890014648435
0.2787776947021484
0.16815147399902342
0.44757804870605467
0.501937484741211
0.5365081787109376
0.1371570587158203
0.26256523132324217
0.29308280944824217
0.08446655273437498
0.18245658874511717
0.13858757019042967

