0.06896934509277342
0.11760673522949217
0.18841705322265623
0.29642066955566404
0.1657672882080078
0.1612373352050781
0.10473213195800779
0.12404403686523435
0.13477287292480467
0.3119178771972656
0.3152557373046875
0.22942504882812498
0.20343742370605467
0.12642822265624998
0.1714893341064453
0.39488754272460935
0.3386207580566406
0.27138671875
0.1714893341064453
0.3266998291015625
0.49311599731445316
0.574416732788086
0.12452087402343748
0.3321834564208984
0.3398128509521484
0.13930282592773435
0.21559677124023435
0.13882598876953123

