0.06920776367187498
0.12475929260253904
0.18889389038085935
0.29832801818847654
0.16815147399902342
0.16242942810058592
0.09471855163574217
0.10234794616699217
0.14335594177246092
0.313348388671875
0.33313713073730467
0.2279945373535156
0.20343742370605467
0.1383491516113281
0.18341026306152342
0.40204010009765623
0.31358680725097654
0.2821155548095703
0.17244300842285154
0.34911117553710935
0.4966922760009766
0.5765625000000001
0.1269050598144531
0.3138252258300781
0.3476806640625
0.13358078002929685
0.21821937561035154
0.1307197570800781

