0.05585632324218748
0.11236152648925779
0.1726814270019531
0.2825923919677734
0.14526329040527342
0.14907798767089842
0.08041343688964842
0.08422813415527342
0.13024291992187498
0.3054805755615234
0.28354606628417967
0.21511993408203123
0.19914588928222654
0.0944801330566406
0.16910514831542967
0.36556205749511717
0.3004737854003906
0.24110755920410154
0.15885314941406248
0.2711483001708984
1.2257762908935548
0.5675025939941407
0.11450729370117185
0.27853927612304685
0.30285797119140623
0.1269050598144531
0.19986114501953123
0.12475929260253904

