0.06849250793457029
0.12666664123535154
0.18531761169433592
0.28759918212890623
0.16672096252441404
0.15789947509765623
0.09734115600585935
0.10282478332519529
0.13286552429199217
0.313348388671875
0.31978569030761717
0.22751770019531248
0.20367584228515623
0.13405761718749998
0.18150291442871092
0.404901123046875
0.33528289794921873
0.27090988159179685
0.16529045104980467
0.3550716400146484
0.5033679962158204
0.5753704071044923
0.1333423614501953
0.31215629577636717
0.3405281066894531
0.13954124450683592
0.2153583526611328
0.13024291992187498

