0.07302246093749998
0.12642822265624998
0.18317184448242185
0.2923675537109375
0.1650520324707031
0.16266784667968748
0.09901008605957029
0.09996376037597654
0.13763389587402342
0.32431564331054685
0.31811676025390623
0.22704086303710935
0.20534477233886717
0.13095817565917967
0.17816505432128904
0.40823898315429685
0.3183551788330078
0.27424774169921873
0.17482719421386717
0.29880485534667967
0.4933544158935547
0.5789466857910157
0.1295276641845703
0.3138252258300781
0.34863433837890623
0.14144859313964842
0.21774253845214842
0.13405761718749998

