0.0715919494628906
0.12618980407714842
0.18746337890624998
0.34839591979980467
0.1581378936767578
0.1612373352050781
0.09543380737304685
0.1021095275878906
0.13858757019042967
0.29499015808105467
0.29952011108398435
0.23133239746093748
0.20939788818359373
0.10473213195800779
0.1829334259033203
0.3767677307128906
0.31024894714355467
0.25135955810546873
0.17291984558105467
0.24301490783691404
0.47380409240722654
0.576085662841797
0.10759315490722654
0.28879127502441404
0.31978569030761717
0.13930282592773435
0.21583518981933592
0.13763389587402342

