0.07254562377929685
0.12785873413085935
0.18531761169433592
0.29427490234375
0.16266784667968748
0.16409835815429685
0.09901008605957029
0.09996376037597654
0.14001808166503904
0.29332122802734373
0.29832801818847654
0.2268024444580078
0.20749053955078123
0.10520896911621092
0.18364868164062498
0.37962875366210935
0.3164478302001953
0.26661834716796873
0.17697296142578123
0.2470680236816406
0.46855888366699217
0.5808540344238282
0.10091743469238279
0.29117546081542967
0.3202625274658203
0.1333423614501953
0.21368942260742185
0.13668022155761717

