0.07063827514648435
0.12452087402343748
0.18269500732421873
0.3126331329345703
0.1631446838378906
0.1619525909423828
0.09495697021484373
0.09877166748046873
0.13596496582031248
0.30595741271972654
0.29499015808105467
0.22394142150878904
0.20415267944335935
0.09424171447753904
0.17864189147949217
0.37652931213378904
0.3114410400390625
0.24730644226074217
0.16147575378417967
0.26971778869628904
0.4640289306640625
0.5710788726806642
0.10187110900878904
0.2871223449707031
0.31477890014648435
0.13501129150390623
0.21511993408203123
0.1383491516113281

