0.06563148498535154
0.12237510681152342
0.17983398437499998
0.2973743438720703
0.16600570678710935
0.15503845214843748
0.10497055053710935
0.1269050598144531
0.1345344543457031
0.3100105285644531
0.2947517395019531
0.2287097930908203
0.19866905212402342
0.12475929260253904
0.17601928710937498
0.39751014709472654
0.3081031799316406
0.2673336029052734
0.16529045104980467
0.3550716400146484
0.4916854858398438
0.5758472442626954
0.11903724670410154
0.31024894714355467
0.34338912963867185
0.13381919860839842
0.21607360839843748
0.12666664123535154

