0.07063827514648435
0.11832199096679685
0.1898475646972656
0.2935596466064453
0.15837631225585935
0.16147575378417967
0.09924850463867185
0.10091743469238279
0.13668022155761717
0.3226467132568359
0.30476531982421873
0.22966346740722654
0.20534477233886717
0.10473213195800779
0.17554244995117185
0.38034400939941404
0.31358680725097654
0.25255165100097654
0.16672096252441404
0.26709518432617185
0.4752346038818359
0.5758472442626954
0.10187110900878904
0.28545341491699217
0.31477890014648435
0.13858757019042967
0.2203651428222656
0.13668022155761717

