0.07826766967773435
0.1295276641845703
0.18889389038085935
0.3481575012207031
0.16648254394531248
0.16266784667968748
0.10139427185058592
0.10568580627441404
0.1390644073486328
0.2909370422363281
0.2961822509765625
0.2279945373535156
0.20462951660156248
0.09948692321777342
0.2020069122314453
0.37891349792480467
0.31811676025390623
0.24945220947265623
0.1764961242675781
0.2504058837890625
0.46998939514160154
0.5815692901611329
0.10306320190429685
0.2928443908691406
0.3462501525878906
0.1402565002441406
0.252313232421875
0.13596496582031248

