0.06181678771972654
0.11474571228027342
0.1791187286376953
0.2897449493408203
0.1497932434082031
0.15003166198730467
0.09090385437011717
0.11379203796386717
0.12189826965332029
0.305718994140625
0.3061958312988281
0.21583518981933592
0.19509277343749998
0.12070617675781248
0.1688667297363281
0.3894039154052734
0.33122978210449217
0.26709518432617185
0.17196617126464842
0.3328987121582031
0.49502334594726566
0.5751319885253907
0.12332878112792967
0.3328987121582031
0.34648857116699217
0.13286552429199217
0.24158439636230467
0.1307197570800781

