0.06110153198242185
0.11569938659667967
0.17196617126464842
0.2883144378662109
0.1440711975097656
0.1478858947753906
0.08828124999999998
0.12213668823242185
0.1314350128173828
0.3119178771972656
0.31239471435546873
0.22847137451171873
0.19771537780761717
0.13048133850097654
0.1753040313720703
0.39798698425292967
0.34720382690429685
0.28044662475585935
0.16934356689453123
0.3228851318359375
0.4897781372070313
0.5729862213134767
0.12261352539062498
0.33122978210449217
0.3386207580566406
0.13429603576660154
0.2089210510253906
0.13095817565917967

