0.07039985656738279
0.12380561828613279
0.18817863464355467
0.30023536682128904
0.11760673522949217
0.1695819854736328
0.10354003906249998
0.0944801330566406
0.1402565002441406
0.3226467132568359
0.29904327392578123
0.23991546630859373
0.2108283996582031
0.13191184997558592
0.17983398437499998
0.4385181427001953
0.3202625274658203
0.28497657775878904
0.17601928710937498
0.2859302520751953
0.5047985076904298
0.5615421295166017
0.1230903625488281
0.3164478302001953
0.3512569427490234
0.1326271057128906
0.22274932861328123
0.13310394287109373

