0.07183036804199217
0.12380561828613279
0.18913230895996092
0.34720382690429685
0.16028366088867185
0.16529045104980467
0.09710273742675779
0.0982948303222656
0.1364418029785156
0.29427490234375
0.30071220397949217
0.23276290893554685
0.2051063537597656
0.10330162048339842
0.20105323791503904
0.38225135803222654
0.31477890014648435
0.24826011657714842
0.17005882263183592
0.2542205810546875
0.4842945098876953
0.583715057373047
0.10735473632812498
0.29117546081542967
0.32193145751953123
0.14645538330078123
0.2203651428222656
0.1440711975097656

