0.06896934509277342
0.12237510681152342
0.18817863464355467
0.31811676025390623
0.16338310241699217
0.15980682373046873
0.0982948303222656
0.11975250244140623
0.13596496582031248
0.31215629577636717
0.3207393646240234
0.22274932861328123
0.20606002807617185
0.1288124084472656
0.17220458984374998
0.3989406585693359
0.33313713073730467
0.27138671875
0.16719779968261717
0.32622299194335935
0.49001655578613285
0.5713172912597657
0.12475929260253904
0.3336139678955078
0.3359981536865234
0.13811073303222654
0.21750411987304685
0.12928924560546873

