0.07183036804199217
0.1345344543457031
0.1974769592285156
0.29451332092285154
0.1612373352050781
0.1612373352050781
0.09543380737304685
0.1021095275878906
0.1428791046142578
0.3190704345703125
0.2935596466064453
0.22465667724609373
0.20868263244628904
0.13477287292480467
0.1772113800048828
0.40204010009765623
0.3107257843017578
0.27782402038574217
0.1745887756347656
0.3557868957519531
0.4985996246337891
0.579900360107422
0.1295276641845703
0.3145404815673828
0.34076652526855467
0.13977966308593748
0.2127357482910156
0.1421638488769531

