0.07326087951660154
0.1192756652832031
0.1867481231689453
0.3150173187255859
0.16219100952148435
0.16362152099609373
0.09972534179687498
0.10044059753417967
0.13763389587402342
0.3157325744628906
0.2961822509765625
0.2318092346191406
0.20415267944335935
0.10377845764160154
0.18269500732421873
0.3801055908203125
0.3114410400390625
0.2566047668457031
0.17411193847656248
0.27400932312011717
0.4664131164550781
0.5777545928955079
0.10473213195800779
0.28998336791992185
0.32574615478515623
0.13215026855468748
0.21798095703124998
0.1409717559814453

