0.06873092651367185
0.12237510681152342
0.18460235595703123
0.29260597229003904
0.1676746368408203
0.15837631225585935
0.09924850463867185
0.10139427185058592
0.13572654724121092
0.31597099304199217
0.32121620178222654
0.23157081604003904
0.20629844665527342
0.12666664123535154
0.17506561279296873
0.40251693725585935
0.33719024658203123
0.27663192749023435
0.17125091552734373
0.32693824768066404
0.4916854858398438
0.5479522705078126
0.12595138549804685
0.31430206298828123
0.3412433624267578
0.1314350128173828
0.2127357482910156
0.13763389587402342

