0.05204162597656248
0.1276203155517578
0.18460235595703123
0.29642066955566404
0.15909156799316404
0.15718421936035154
0.09281120300292967
0.12332878112792967
0.13477287292480467
0.3107257843017578
0.3157325744628906
0.22179565429687498
0.19866905212402342
0.1307197570800781
0.17697296142578123
0.39989433288574217
0.3379055023193359
0.27019462585449217
0.16815147399902342
0.32956085205078123
0.5005069732666017
0.5763240814208985
0.12285194396972654
0.33313713073730467
0.3412433624267578
0.13310394287109373
0.21392784118652342
0.14168701171874998

