0.07087669372558592
0.11760673522949217
0.1829334259033203
0.31811676025390623
0.16362152099609373
0.16028366088867185
0.08756599426269529
0.07898292541503904
0.13572654724121092
0.3150173187255859
0.2909370422363281
0.23014030456542967
0.2096363067626953
0.09972534179687498
0.17959556579589842
0.38105926513671873
0.31430206298828123
0.25445899963378904
0.16934356689453123
0.24635276794433592
0.46855888366699217
0.5851455688476563
0.10234794616699217
0.29308280944824217
0.32312355041503904
0.13501129150390623
0.29427490234375
0.13858757019042967

