0.07087669372558592
0.12833557128906248
0.20915946960449217
0.36699256896972654
0.1841255187988281
0.16147575378417967
0.09209594726562498
0.07516822814941404
0.13620338439941404
0.26375732421875
0.33838233947753904
0.23490867614746092
0.20224533081054685
0.10616264343261717
0.20486793518066404
0.34410438537597654
0.28950653076171873
0.2546974182128906
0.15861473083496092
0.2897449493408203
0.44066390991210935
0.7260509490966798
0.15027008056640623
0.28759918212890623
0.343865966796875
0.13191184997558592
0.24063072204589842
0.12809715270996092

