0.06658515930175779
0.11784515380859373
0.18460235595703123
0.2909370422363281
0.15885314941406248
0.16147575378417967
0.09614906311035154
0.09424171447753904
0.1352497100830078
0.3131099700927734
0.32121620178222654
0.22346458435058592
0.2058216094970703
0.12833557128906248
0.18174133300781248
0.39989433288574217
0.36770782470703123
0.282830810546875
0.17291984558105467
0.35221061706542967
0.532455062866211
0.5787082672119142
0.13119659423828123
0.30905685424804685
0.38225135803222654
0.13238868713378904
0.2172657012939453
0.13286552429199217

