0.06873092651367185
0.12142143249511717
0.18174133300781248
0.34791908264160154
0.16433677673339842
0.1631446838378906
0.09948692321777342
0.09781799316406248
0.13620338439941404
0.3157325744628906
0.298089599609375
0.22537193298339842
0.20415267944335935
0.10854682922363279
0.1879402160644531
0.3812976837158203
0.31859359741210935
0.2470680236816406
0.1726814270019531
0.2432533264160156
0.4728504180908203
0.5753704071044923
0.09924850463867185
0.2921291351318359
0.32574615478515623
0.18889389038085935
0.21202049255371092
0.14049491882324217

