0.07564506530761717
0.12475929260253904
0.19509277343749998
0.29260597229003904
0.15861473083496092
0.16266784667968748
0.09567222595214842
0.13215026855468748
0.13954124450683592
0.3405281066894531
0.3171630859375
0.22465667724609373
0.20462951660156248
0.13000450134277342
0.1803108215332031
0.40013275146484373
0.34028968811035154
0.2694793701171875
0.1745887756347656
0.3264614105224609
0.49383125305175785
0.5753704071044923
0.12237510681152342
0.336236572265625
0.33957443237304685
0.13858757019042967
0.22060356140136717
0.13310394287109373

