0.07492980957031248
0.12738189697265623
0.18913230895996092
0.2978511810302734
0.15980682373046873
0.16338310241699217
0.10282478332519529
0.1295276641845703
0.13882598876953123
0.31096420288085935
0.320977783203125
0.22441825866699217
0.20439109802246092
0.13668022155761717
0.18317184448242185
0.40204010009765623
0.34005126953125
0.2730556488037109
0.14550170898437498
0.32479248046875
0.49573860168457035
0.5768009185791017
0.12428245544433592
0.3393360137939453
0.34291229248046873
0.13191184997558592
0.21297416687011717
0.13381919860839842

