0.07016143798828123
0.1173683166503906
0.18341026306152342
0.2897449493408203
0.16600570678710935
0.1562305450439453
0.10044059753417967
0.09710273742675779
0.1402565002441406
0.3145404815673828
0.29689750671386717
0.2241798400878906
0.20486793518066404
0.09686431884765623
0.17482719421386717
0.3741451263427734
0.3107257843017578
0.2451606750488281
0.16815147399902342
0.26590309143066404
0.4683204650878906
0.574416732788086
0.09877166748046873
0.28354606628417967
0.31406364440917967
0.13381919860839842
0.21249732971191404
0.13501129150390623

