0.06372413635253904
0.12094459533691404
0.18317184448242185
0.32360038757324217
0.16147575378417967
0.16934356689453123
0.09662590026855467
0.09662590026855467
0.14311752319335935
0.31430206298828123
0.29689750671386717
0.22513351440429685
0.20725212097167967
0.11212310791015623
0.17888031005859373
0.3781982421875
0.3164478302001953
0.27162513732910154
0.17387351989746092
0.24301490783691404
0.47428092956542967
0.585860824584961
0.09901008605957029
0.28569183349609373
0.31358680725097654
0.13572654724121092
0.2134510040283203
0.13691864013671873

