0.06515464782714842
0.11760673522949217
0.1803108215332031
0.3152557373046875
0.1600452423095703
0.16052207946777342
0.09400329589843748
0.09281120300292967
0.1371570587158203
0.3176399230957031
0.29761276245117185
0.22966346740722654
0.2077289581298828
0.10115585327148435
0.17673454284667967
0.3779598236083984
0.3188320159912109
0.24992904663085935
0.16266784667968748
0.27353248596191404
0.4771419525146484
0.5808540344238282
0.10330162048339842
0.290460205078125
0.34982643127441404
0.13548812866210935
0.22084197998046873
0.1402565002441406

