0.0677772521972656
0.12332878112792967
0.18627128601074217
0.29713592529296873
0.15861473083496092
0.16481361389160154
0.09018859863281248
0.10377845764160154
0.1390644073486328
0.3138252258300781
0.29379806518554685
0.22274932861328123
0.21058998107910154
0.1390644073486328
0.18889389038085935
0.40251693725585935
0.31549415588378904
0.2771087646484375
0.21774253845214842
0.35936317443847654
0.49502334594726566
0.5832382202148438
0.13358078002929685
0.31477890014648435
0.34481964111328123
0.14001808166503904
0.2203651428222656
0.14192543029785154

