0.06944618225097654
0.14430961608886717
0.1822181701660156
0.34672698974609373
0.1638599395751953
0.15956840515136717
0.10067901611328123
0.09853324890136717
0.13238868713378904
0.32169303894042967
0.31978569030761717
0.22274932861328123
0.20343742370605467
0.1021095275878906
0.1764961242675781
0.374383544921875
0.3100105285644531
0.24754486083984373
0.16481361389160154
0.27615509033203123
0.46665153503417967
0.5768009185791017
0.09877166748046873
0.27663192749023435
0.32240829467773435
0.13572654724121092
0.2172657012939453
0.1307197570800781

