0.06443939208984373
0.12356719970703123
0.18746337890624998
0.29689750671386717
0.15885314941406248
0.16433677673339842
0.09734115600585935
0.10091743469238279
0.13477287292480467
0.3190704345703125
0.29332122802734373
0.23586235046386717
0.20153007507324217
0.13548812866210935
0.21440467834472654
0.40204010009765623
0.3176399230957031
0.27973136901855467
0.17744979858398435
0.29904327392578123
0.4993148803710938
0.5765625000000001
0.11999092102050779
0.3088184356689453
0.3398128509521484
0.13381919860839842
0.2363391876220703
0.11999092102050779

