0.07111511230468748
0.12380561828613279
0.18579444885253904
0.3240772247314453
0.16433677673339842
0.16600570678710935
0.09996376037597654
0.10282478332519529
0.14311752319335935
0.29689750671386717
0.30023536682128904
0.23848495483398435
0.2058216094970703
0.10806999206542967
0.1848407745361328
0.362939453125
0.31287155151367185
0.2527900695800781
0.17029724121093748
0.25493583679199217
0.4733272552490234
0.5841918945312501
0.10330162048339842
0.32050094604492185
0.31215629577636717
0.1428791046142578
0.21702728271484373
0.14001808166503904

