0.06515464782714842
0.12332878112792967
0.18531761169433592
0.29499015808105467
0.1638599395751953
0.1600452423095703
0.09781799316406248
0.09400329589843748
0.1326271057128906
0.3112026214599609
0.2909370422363281
0.2306171417236328
0.19700012207031248
0.10258636474609373
0.1791187286376953
0.3722377777099609
0.30858001708984373
0.25255165100097654
0.17005882263183592
0.27281723022460935
0.46474418640136717
0.5775161743164063
0.10115585327148435
0.2847381591796875
0.31549415588378904
0.13429603576660154
0.2134510040283203
0.1333423614501953

