0.06491622924804685
0.11903724670410154
0.18579444885253904
0.3157325744628906
0.1562305450439453
0.16171417236328123
0.09519538879394529
0.09495697021484373
0.1390644073486328
0.3152557373046875
0.2978511810302734
0.22704086303710935
0.20868263244628904
0.10330162048339842
0.17983398437499998
0.3722377777099609
0.31096420288085935
0.2477832794189453
0.17220458984374998
0.2744861602783203
0.47070465087890623
0.5863376617431642
0.10067901611328123
0.28616867065429685
0.3114410400390625
0.13596496582031248
0.22179565429687498
0.1402565002441406

