0.07111511230468748
0.12022933959960935
0.18507919311523435
0.3004737854003906
0.15670738220214842
0.15956840515136717
0.09877166748046873
0.09662590026855467
0.15885314941406248
0.31406364440917967
0.3119178771972656
0.2248950958251953
0.2000995635986328
0.1314350128173828
0.1745887756347656
0.40060958862304685
0.33695182800292967
0.27138671875
0.1657672882080078
0.3195472717285156
0.4933544158935547
0.5753704071044923
0.12237510681152342
0.33194503784179685
0.33838233947753904
0.13405761718749998
0.20677528381347654
0.12976608276367185

