0.07206878662109373
0.11641464233398435
0.1841255187988281
0.34648857116699217
0.16552886962890623
0.15766105651855467
0.09948692321777342
0.1002021789550781
0.1383491516113281
0.29141387939453123
0.2897449493408203
0.22918663024902342
0.20296058654785154
0.10282478332519529
0.20868263244628904
0.3836818695068359
0.3164478302001953
0.24659118652343748
0.17315826416015623
0.2520748138427734
0.47070465087890623
0.5803771972656251
0.10139427185058592
0.2921291351318359
0.3271766662597656
0.1402565002441406
0.2134510040283203
0.1371570587158203

