0.06300888061523435
0.11665306091308592
0.18364868164062498
0.32002410888671873
0.16362152099609373
0.15646896362304685
0.09471855163574217
0.09805641174316404
0.13405761718749998
0.30786476135253904
0.3152557373046875
0.22441825866699217
0.2051063537597656
0.12714347839355467
0.17935714721679685
0.3965564727783203
0.34458122253417967
0.27400932312011717
0.1421638488769531
0.32693824768066404
0.4997917175292969
0.5753704071044923
0.12404403686523435
0.33719024658203123
0.3417201995849609
0.13310394287109373
0.21035156249999998
0.13358078002929685

