0.25755844116210935
0.11856040954589842
0.18627128601074217
0.298089599609375
0.15527687072753904
0.16028366088867185
0.09614906311035154
0.1021095275878906
0.13548812866210935
0.31167945861816404
0.28879127502441404
0.2279945373535156
0.1993843078613281
0.1505084991455078
0.1810260772705078
0.40370903015136717
0.31740150451660154
0.27162513732910154
0.16982040405273435
0.3538795471191406
0.49883804321289066
0.576085662841797
0.12833557128906248
0.31048736572265623
0.3419586181640625
0.13858757019042967
0.21488151550292967
0.13477287292480467

