0.0715919494628906
0.11999092102050779
0.17935714721679685
0.29522857666015623
0.15575370788574217
0.1593299865722656
0.10497055053710935
0.09853324890136717
0.13572654724121092
0.30834159851074217
0.2947517395019531
0.23085556030273435
0.20462951660156248
0.10234794616699217
0.1810260772705078
0.37843666076660154
0.31287155151367185
0.24730644226074217
0.17029724121093748
0.26852569580078123
0.4721351623535156
0.5789466857910157
0.09805641174316404
0.28759918212890623
0.31167945861816404
0.13596496582031248
0.21678886413574217
0.13572654724121092

