0.07087669372558592
0.13000450134277342
0.18555603027343748
0.3417201995849609
0.16529045104980467
0.1612373352050781
0.10520896911621092
0.09805641174316404
0.13501129150390623
0.31740150451660154
0.29522857666015623
0.2248950958251953
0.20415267944335935
0.10497055053710935
0.18054924011230467
0.3774829864501953
0.3202625274658203
0.2527900695800781
0.17697296142578123
0.25112113952636717
0.47690353393554685
0.5796619415283204
0.10902366638183592
0.28688392639160154
0.32550773620605467
0.1345344543457031
0.22012672424316404
0.13787231445312498

