0.06372413635253904
0.12452087402343748
0.18627128601074217
0.29689750671386717
0.1600452423095703
0.15766105651855467
0.09757957458496092
0.09281120300292967
0.13977966308593748
0.32050094604492185
0.2985664367675781
0.2268024444580078
0.20176849365234373
0.13358078002929685
0.18007240295410154
0.3970333099365234
0.3126331329345703
0.27043304443359373
0.17244300842285154
0.35674057006835935
0.49883804321289066
0.5787082672119142
0.1307197570800781
0.3073879241943359
0.34267387390136717
0.13286552429199217
0.21941146850585935
0.1371570587158203

