0.07016143798828123
0.12380561828613279
0.18650970458984373
0.29427490234375
0.16290626525878904
0.15766105651855467
0.09805641174316404
0.12809715270996092
0.1383491516113281
0.3386207580566406
0.3190704345703125
0.23133239746093748
0.19962272644042967
0.1307197570800781
0.17768821716308592
0.39417228698730467
0.33838233947753904
0.2771087646484375
0.1478858947753906
0.3171630859375
0.4909702301025391
0.5694099426269532
0.12356719970703123
0.3317066192626953
0.3386207580566406
0.13358078002929685
0.2146430969238281
0.12928924560546873

