0.07087669372558592
0.12809715270996092
0.18460235595703123
0.30452690124511717
0.1676746368408203
0.16552886962890623
0.09877166748046873
0.12642822265624998
0.13668022155761717
0.34791908264160154
0.3119178771972656
0.22751770019531248
0.20462951660156248
0.12285194396972654
0.1822181701660156
0.40442428588867185
0.34076652526855467
0.2711483001708984
0.14693222045898435
0.3266998291015625
0.5224414825439454
0.5756088256835938
0.12094459533691404
0.3340908050537109
0.35054168701171873
0.13548812866210935
0.21178207397460935
0.1314350128173828

