0.07564506530761717
0.12404403686523435
0.18650970458984373
0.2985664367675781
0.16290626525878904
0.16290626525878904
0.09304962158203123
0.13048133850097654
0.1402565002441406
0.3393360137939453
0.32050094604492185
0.2306171417236328
0.20153007507324217
0.12714347839355467
0.1860328674316406
0.40704689025878904
0.3431507110595703
0.27400932312011717
0.14144859313964842
0.32050094604492185
0.49311599731445316
0.5794235229492188
0.12595138549804685
0.34005126953125
0.3455348968505859
0.1326271057128906
0.21488151550292967
0.1314350128173828

