0.07111511230468748
0.11784515380859373
0.18627128601074217
0.2909370422363281
0.15909156799316404
0.15766105651855467
0.09805641174316404
0.1257129669189453
0.13858757019042967
0.3355213165283203
0.3157325744628906
0.22942504882812498
0.20462951660156248
0.1276203155517578
0.18341026306152342
0.4041858673095703
0.34219703674316404
0.27281723022460935
0.1497932434082031
0.32121620178222654
0.4978843688964844
0.5775161743164063
0.12833557128906248
0.32622299194335935
0.3488727569580078
0.13501129150390623
0.21583518981933592
0.1326271057128906

