0.0715919494628906
0.11617622375488279
0.20915946960449217
0.2978511810302734
0.16028366088867185
0.16219100952148435
0.10187110900878904
0.13572654724121092
0.13811073303222654
0.3138252258300781
0.31811676025390623
0.22775611877441404
0.20248374938964842
0.1333423614501953
0.1810260772705078
0.39250335693359373
0.34076652526855467
0.2711483001708984
0.14574012756347654
0.3176399230957031
0.49263916015625003
0.5727478027343751
0.12404403686523435
0.3340908050537109
0.34005126953125
0.13310394287109373
0.2115436553955078
0.13691864013671873

