0.06920776367187498
0.12165985107421873
0.18460235595703123
0.2978511810302734
0.16076049804687498
0.15909156799316404
0.0963874816894531
0.1249977111816406
0.13596496582031248
0.313348388671875
0.3240772247314453
0.22537193298339842
0.21035156249999998
0.12976608276367185
0.17411193847656248
0.39870223999023435
0.34458122253417967
0.2718635559082031
0.14383277893066404
0.29427490234375
0.4990764617919922
0.5460449218750001
0.12475929260253904
0.336236572265625
0.3417201995849609
0.13095817565917967
0.21011314392089842
0.13238868713378904

