0.06181678771972654
0.12237510681152342
0.1879402160644531
0.2890296936035156
0.1600452423095703
0.1543231964111328
0.09781799316406248
0.12475929260253904
0.15980682373046873
0.31287155151367185
0.31406364440917967
0.22847137451171873
0.20343742370605467
0.12595138549804685
0.17554244995117185
0.39560279846191404
0.33885917663574217
0.27210197448730467
0.14693222045898435
0.31668624877929685
0.4897781372070313
0.5708404541015626
0.1269050598144531
0.33504447937011717
0.33695182800292967
0.1352497100830078
0.20462951660156248
0.1307197570800781

