0.06825408935546873
0.11999092102050779
0.18531761169433592
0.28807601928710935
0.15861473083496092
0.16219100952148435
0.09209594726562498
0.1192756652832031
0.13739547729492185
0.38296661376953123
0.3171630859375
0.22322616577148435
0.2000995635986328
0.1276203155517578
0.1791187286376953
0.3989406585693359
0.33838233947753904
0.27400932312011717
0.13954124450683592
0.3214546203613281
0.48572502136230467
0.5732246398925782
0.12094459533691404
0.328607177734375
0.34601173400878904
0.13119659423828123
0.21106681823730467
0.13191184997558592

