0.06563148498535154
0.12833557128906248
0.18341026306152342
0.30977210998535154
0.16433677673339842
0.16028366088867185
0.10139427185058592
0.12261352539062498
0.13572654724121092
0.3157325744628906
0.32360038757324217
0.23109397888183592
0.20749053955078123
0.12857398986816404
0.1822181701660156
0.40823898315429685
0.33528289794921873
0.27543983459472654
0.15027008056640623
0.32503089904785154
0.4990764617919922
0.5813308715820313
0.13095817565917967
0.3336139678955078
0.3355213165283203
0.14001808166503904
0.2885528564453125
0.13048133850097654

