0.07039985656738279
0.1192756652832031
0.18007240295410154
0.31930885314941404
0.1631446838378906
0.15646896362304685
0.09853324890136717
0.12046775817871092
0.13548812866210935
0.33909759521484373
0.3150173187255859
0.22441825866699217
0.2039142608642578
0.13024291992187498
0.17554244995117185
0.39631805419921873
0.33885917663574217
0.2771087646484375
0.14311752319335935
0.3259845733642578
0.49836120605468753
0.5844303131103517
0.12356719970703123
0.33695182800292967
0.34458122253417967
0.14144859313964842
0.2153583526611328
0.13048133850097654

