0.07206878662109373
0.12046775817871092
0.17864189147949217
0.28998336791992185
0.16076049804687498
0.15956840515136717
0.09209594726562498
0.12404403686523435
0.1371570587158203
0.31358680725097654
0.3152557373046875
0.2268024444580078
0.20272216796874998
0.1269050598144531
0.20176849365234373
0.39679489135742185
0.3374286651611328
0.2725788116455078
0.14502487182617185
0.31549415588378904
0.4947849273681641
0.5739398956298829
0.12022933959960935
0.3340908050537109
0.3379055023193359
0.13596496582031248
0.2134510040283203
0.12905082702636717

