0.06539306640624998
0.12547454833984373
0.1829334259033203
0.2935596466064453
0.16076049804687498
0.16481361389160154
0.09352645874023435
0.11879882812499998
0.13930282592773435
0.31096420288085935
0.31787834167480467
0.23705444335937498
0.20415267944335935
0.13048133850097654
0.17935714721679685
0.39560279846191404
0.33504447937011717
0.27400932312011717
0.1459785461425781
0.29260597229003904
0.4914470672607422
0.5715557098388673
0.12261352539062498
0.3348060607910156
0.3419586181640625
0.13238868713378904
0.20987472534179685
0.1276203155517578

