0.06920776367187498
0.1211830139160156
0.1841255187988281
0.31406364440917967
0.1593299865722656
0.15718421936035154
0.09161911010742185
0.1276203155517578
0.13000450134277342
0.34100494384765623
0.3221698760986328
0.23037872314453123
0.20176849365234373
0.1295276641845703
0.17435035705566404
0.3970333099365234
0.33766708374023435
0.27591667175292967
0.14144859313964842
0.31620941162109373
0.49263916015625003
0.604934310913086
0.1314350128173828
0.33385238647460935
0.3367134094238281
0.1383491516113281
0.2191730499267578
0.13119659423828123

