0.06730041503906248
0.1269050598144531
0.1867481231689453
0.2961822509765625
0.15885314941406248
0.16171417236328123
0.0963874816894531
0.12475929260253904
0.1345344543457031
0.3169246673583984
0.31787834167480467
0.22704086303710935
0.20176849365234373
0.12833557128906248
0.20367584228515623
0.40108642578125
0.33647499084472654
0.27782402038574217
0.14359436035156248
0.29117546081542967
0.4895397186279297
0.5796619415283204
0.12380561828613279
0.3290840148925781
0.34219703674316404
0.12905082702636717
0.2096363067626953
0.12547454833984373

