0.06420097351074217
0.11784515380859373
0.18078765869140623
0.29904327392578123
0.1593299865722656
0.15837631225585935
0.09996376037597654
0.11975250244140623
0.15718421936035154
0.33885917663574217
0.3190704345703125
0.22823295593261717
0.20033798217773435
0.1333423614501953
0.17220458984374998
0.40180168151855467
0.34076652526855467
0.27472457885742185
0.14430961608886717
0.29570541381835935
0.4974075317382813
0.5741783142089845
0.12189826965332029
0.3398128509521484
0.34148178100585935
0.13596496582031248
0.21202049255371092
0.12928924560546873

