0.06467781066894529
0.1249977111816406
0.17959556579589842
0.28998336791992185
0.1638599395751953
0.15956840515136717
0.09877166748046873
0.12261352539062498
0.13381919860839842
0.31430206298828123
0.3176399230957031
0.22346458435058592
0.20248374938964842
0.12809715270996092
0.17411193847656248
0.3958412170410156
0.3297992706298828
0.27162513732910154
0.1428791046142578
0.30834159851074217
0.4959770202636719
0.5794235229492188
0.1192756652832031
0.33313713073730467
0.33385238647460935
0.14264068603515623
0.21440467834472654
0.13024291992187498

