0.0715919494628906
0.12380561828613279
0.1879402160644531
0.2947517395019531
0.1600452423095703
0.16099891662597654
0.10234794616699217
0.12356719970703123
0.14121017456054685
0.3131099700927734
0.3240772247314453
0.2248950958251953
0.2115436553955078
0.1269050598144531
0.2039142608642578
0.3970333099365234
0.34291229248046873
0.2771087646484375
0.14311752319335935
0.29379806518554685
0.4978843688964844
0.5765625000000001
0.12356719970703123
0.3381439208984375
0.3417201995849609
0.13024291992187498
0.21225891113281248
0.13620338439941404

