0.07206878662109373
0.13000450134277342
0.18841705322265623
0.2940364837646484
0.16982040405273435
0.1600452423095703
0.09281120300292967
0.12213668823242185
0.1459785461425781
0.3169246673583984
0.3157325744628906
0.22966346740722654
0.21011314392089842
0.1352497100830078
0.21011314392089842
0.40323219299316404
0.33766708374023435
0.27901611328125
0.14645538330078123
0.2935596466064453
0.4966922760009766
0.574416732788086
0.12285194396972654
0.3340908050537109
0.33885917663574217
0.13238868713378904
0.21202049255371092
0.1288124084472656

