0.07326087951660154
0.1230903625488281
0.1905628204345703
0.2966590881347656
0.16290626525878904
0.1612373352050781
0.0906654357910156
0.09805641174316404
0.13238868713378904
0.31287155151367185
0.31740150451660154
0.22727928161621092
0.2031990051269531
0.12666664123535154
0.17554244995117185
0.3953643798828125
0.33337554931640623
0.2768703460693359
0.14502487182617185
0.3195472717285156
0.49001655578613285
0.5503364562988282
0.1211830139160156
0.3381439208984375
0.3367134094238281
0.13215026855468748
0.21511993408203123
0.13548812866210935

