0.06873092651367185
0.12189826965332029
0.16791305541992185
0.2973743438720703
0.15861473083496092
0.16552886962890623
0.09710273742675779
0.1307197570800781
0.13572654724121092
0.3119178771972656
0.32121620178222654
0.22775611877441404
0.20439109802246092
0.13000450134277342
0.18126449584960935
0.4041858673095703
0.33647499084472654
0.26852569580078123
0.14240226745605467
0.2961822509765625
0.49240074157714847
0.5703636169433595
0.11856040954589842
0.332421875
0.3381439208984375
0.13429603576660154
0.21035156249999998
0.1307197570800781

