0.07397613525390623
0.12452087402343748
0.17959556579589842
0.29880485534667967
0.15408477783203123
0.15885314941406248
0.10139427185058592
0.1288124084472656
0.1409717559814453
0.336236572265625
0.32050094604492185
0.22775611877441404
0.20462951660156248
0.13167343139648435
0.17816505432128904
0.39631805419921873
0.3412433624267578
0.27090988159179685
0.14717063903808592
0.3195472717285156
0.49383125305175785
0.5751319885253907
0.12237510681152342
0.33075294494628904
0.34148178100585935
0.13167343139648435
0.21297416687011717
0.1307197570800781

