0.07397613525390623
0.12189826965332029
0.18150291442871092
0.3190704345703125
0.15980682373046873
0.15646896362304685
0.09209594726562498
0.11975250244140623
0.1352497100830078
0.3379055023193359
0.31668624877929685
0.22823295593261717
0.2051063537597656
0.13000450134277342
0.17291984558105467
0.39631805419921873
0.336236572265625
0.30333480834960935
0.1459785461425781
0.32193145751953123
0.4959770202636719
0.5715557098388673
0.12642822265624998
0.33122978210449217
0.34076652526855467
0.13286552429199217
0.21392784118652342
0.13095817565917967

