0.06944618225097654
0.12142143249511717
0.1860328674316406
0.32503089904785154
0.16362152099609373
0.16219100952148435
0.09805641174316404
0.1211830139160156
0.14335594177246092
0.305718994140625
0.31811676025390623
0.22775611877441404
0.20033798217773435
0.12809715270996092
0.17625770568847654
0.3946491241455078
0.3412433624267578
0.27090988159179685
0.14645538330078123
0.29117546081542967
0.49240074157714847
0.5360313415527345
0.1211830139160156
0.3348060607910156
0.33337554931640623
0.1326271057128906
0.2108283996582031
0.1295276641845703

