0.14693222045898435
0.20296058654785154
0.37581405639648435
0.39059600830078123
0.31024894714355467
0.17673454284667967
0.04631958007812498
0.05347213745117185
0.23705444335937498
0.22179565429687498
0.37009201049804685
0.2325244903564453
0.15503845214843748
0.09567222595214842
0.14740905761718748
0.2999969482421875
0.2616115570068359
0.25445899963378904
0.10902366638183592
0.20367584228515623
0.29189071655273435
0.3946491241455078
0.08613548278808592
0.1562305450439453
0.22322616577148435
0.13381919860839842
0.17291984558105467
0.08232078552246092

