0.12165985107421873
0.1695819854736328
0.30977210998535154
0.3805824279785156
0.2775856018066406
0.1714893341064453
0.09138069152832029
0.05585632324218748
0.20725212097167967
0.21225891113281248
0.37199935913085935
0.20939788818359373
0.14311752319335935
0.09805641174316404
0.14073333740234373
0.24253807067871092
0.24754486083984373
0.2477832794189453
0.10282478332519529
0.17959556579589842
0.2566047668457031
0.36174736022949217
0.08136711120605467
0.16076049804687498
0.2134510040283203
0.11021575927734373
0.16862831115722654
0.07850608825683592

