0.11331520080566404
0.17196617126464842
0.3126331329345703
0.3832050323486328
0.2825923919677734
0.16791305541992185
0.09400329589843748
0.056571578979492165
0.20462951660156248
0.21559677124023435
0.3526874542236328
0.21631202697753904
0.1459785461425781
0.0963874816894531
0.13691864013671873
0.23729286193847654
0.2504058837890625
0.24682960510253904
0.10139427185058592
0.17768821716308592
0.2604194641113281
0.3634162902832031
0.07755241394042967
0.15289268493652342
0.21035156249999998
0.10449371337890623
0.1714893341064453
0.08613548278808592

