0.11856040954589842
0.15980682373046873
0.3114410400390625
0.38225135803222654
0.27615509033203123
0.1707740783691406
0.09734115600585935
0.05108795166015623
0.20534477233886717
0.20915946960449217
0.3762908935546875
0.21869621276855467
0.1440711975097656
0.10187110900878904
0.13620338439941404
0.2363391876220703
0.2489753723144531
0.24301490783691404
0.09972534179687498
0.18698654174804685
0.25255165100097654
0.362939453125
0.08136711120605467
0.15122375488281248
0.21678886413574217
0.1078315734863281
0.17029724121093748
0.08398971557617185

