0.11593780517578123
0.16838989257812498
0.33003768920898435
0.382012939453125
0.27996978759765623
0.17244300842285154
0.08971176147460935
0.0467964172363281
0.2020069122314453
0.20987472534179685
0.3724761962890625
0.2127357482910156
0.14550170898437498
0.09495697021484373
0.1383491516113281
0.23347816467285154
0.24992904663085935
0.24873695373535154
0.1002021789550781
0.1764961242675781
0.26137313842773435
0.36055526733398435
0.0754066467285156
0.15098533630371092
0.21249732971191404
0.1059242248535156
0.16600570678710935
0.07874450683593748

