0.12356719970703123
0.19080123901367185
0.3379055023193359
0.3781982421875
0.30786476135253904
0.17768821716308592
0.10139427185058592
0.05108795166015623
0.20606002807617185
0.21607360839843748
0.3781982421875
0.2172657012939453
0.15837631225585935
0.10258636474609373
0.15098533630371092
0.24563751220703123
0.25493583679199217
0.2504058837890625
0.10282478332519529
0.1810260772705078
0.25898895263671873
0.3641315460205078
0.08398971557617185
0.16219100952148435
0.21035156249999998
0.11593780517578123
0.16862831115722654
0.08089027404785154

