0.11832199096679685
0.16266784667968748
0.31215629577636717
0.37390670776367185
0.2787776947021484
0.1695819854736328
0.08923492431640623
0.05108795166015623
0.20796737670898435
0.20939788818359373
0.37509880065917967
0.21225891113281248
0.14955482482910154
0.09591064453124998
0.13858757019042967
0.22751770019531248
0.2508827209472656
0.23848495483398435
0.10306320190429685
0.1810260772705078
0.2539821624755859
0.3641315460205078
0.07969818115234373
0.15980682373046873
0.21202049255371092
0.10163269042968748
0.16838989257812498
0.08017501831054685

