0.1257129669189453
0.16076049804687498
0.3152557373046875
0.3798671722412109
0.27734718322753904
0.16266784667968748
0.08756599426269529
0.05394897460937498
0.2039142608642578
0.2127357482910156
0.3729530334472656
0.21035156249999998
0.14740905761718748
0.09185752868652342
0.14264068603515623
0.2363391876220703
0.2470680236816406
0.25374374389648435
0.10497055053710935
0.1784034729003906
0.26065788269042967
0.35483322143554685
0.0868507385253906
0.16052207946777342
0.21178207397460935
0.10735473632812498
0.17101249694824217
0.08589706420898435

