0.11665306091308592
0.16624412536621092
0.3107257843017578
0.3805824279785156
0.2771087646484375
0.16982040405273435
0.09209594726562498
0.05299530029296873
0.20343742370605467
0.21297416687011717
0.38225135803222654
0.21774253845214842
0.14693222045898435
0.09901008605957029
0.1466938018798828
0.2363391876220703
0.25112113952636717
0.2470680236816406
0.10663948059082029
0.18388710021972654
0.2561279296875
0.3607936859130859
0.08136711120605467
0.14931640624999998
0.20844421386718748
0.10854682922363279
0.16266784667968748
0.07659873962402342

