0.1288124084472656
0.16838989257812498
0.3183551788330078
0.38105926513671873
0.27472457885742185
0.17411193847656248
0.09281120300292967
0.048942184448242165
0.20653686523437498
0.20677528381347654
0.3748603820800781
0.2077289581298828
0.1486011505126953
0.09352645874023435
0.13858757019042967
0.23276290893554685
0.27424774169921873
0.24682960510253904
0.10139427185058592
0.17888031005859373
0.2558895111083984
0.36580047607421873
0.0849433898925781
0.15646896362304685
0.21321258544921873
0.10711631774902342
0.1714893341064453
0.07898292541503904

