0.11999092102050779
0.16433677673339842
0.30953369140625
0.382012939453125
0.2771087646484375
0.17101249694824217
0.09090385437011717
0.0525184631347656
0.23920021057128904
0.21440467834472654
0.34911117553710935
0.20653686523437498
0.14740905761718748
0.09972534179687498
0.14192543029785154
0.2299018859863281
0.25064430236816404
0.24468383789062498
0.09996376037597654
0.18269500732421873
0.2542205810546875
0.3584095001220703
0.07945976257324217
0.1574226379394531
0.21440467834472654
0.10711631774902342
0.16529045104980467
0.08279762268066404

