0.11689147949218748
0.16338310241699217
0.30714950561523435
0.37390670776367185
0.2783008575439453
0.17244300842285154
0.09614906311035154
0.050849533081054665
0.2070137023925781
0.20915946960449217
0.37342987060546873
0.20749053955078123
0.1459785461425781
0.0925727844238281
0.13167343139648435
0.2356239318847656
0.2501674652099609
0.24039230346679685
0.09924850463867185
0.17435035705566404
0.2580352783203125
0.359124755859375
0.08017501831054685
0.1497932434082031
0.20820579528808592
0.1135536193847656
0.16624412536621092
0.07898292541503904

