0.1173683166503906
0.16719779968261717
0.30977210998535154
0.38153610229492185
0.27973136901855467
0.17005882263183592
0.08708915710449217
0.0525184631347656
0.20486793518066404
0.2108283996582031
0.3457733154296875
0.21368942260742185
0.15480003356933592
0.09543380737304685
0.14001808166503904
0.23085556030273435
0.2496906280517578
0.23920021057128904
0.1040168762207031
0.15480003356933592
0.25565109252929685
0.35626373291015623
0.07874450683593748
0.15408477783203123
0.20987472534179685
0.10878524780273435
0.17005882263183592
0.08065185546874998

