0.11116943359374998
0.1555152893066406
0.30953369140625
0.3779598236083984
0.27806243896484373
0.17125091552734373
0.09185752868652342
0.047034835815429665
0.20367584228515623
0.2153583526611328
0.3519721984863281
0.22012672424316404
0.1459785461425781
0.09567222595214842
0.14049491882324217
0.23681602478027342
0.24754486083984373
0.2458759307861328
0.1021095275878906
0.17387351989746092
0.252313232421875
0.35554847717285154
0.08089027404785154
0.14621696472167967
0.21058998107910154
0.11045417785644529
0.16362152099609373
0.08232078552246092

