0.11474571228027342
0.1619525909423828
0.3119178771972656
0.3801055908203125
0.2756782531738281
0.17673454284667967
0.0925727844238281
0.056571578979492165
0.21058998107910154
0.2172657012939453
0.32312355041503904
0.2153583526611328
0.1440711975097656
0.09710273742675779
0.1364418029785156
0.33266029357910154
0.25255165100097654
0.2470680236816406
0.10330162048339842
0.15718421936035154
0.26089630126953123
0.362939453125
0.0773139953613281
0.15646896362304685
0.2115436553955078
0.10926208496093748
0.17053565979003904
0.07802925109863279

