0.11689147949218748
0.16219100952148435
0.3069110870361328
0.37533721923828123
0.27138671875
0.16934356689453123
0.0868507385253906
0.04846534729003904
0.20844421386718748
0.2115436553955078
0.34648857116699217
0.2089210510253906
0.14192543029785154
0.0944801330566406
0.13620338439941404
0.22584877014160154
0.24468383789062498
0.2420612335205078
0.09972534179687498
0.17387351989746092
0.25827369689941404
0.3855892181396484
0.07612190246582029
0.1562305450439453
0.21392784118652342
0.1059242248535156
0.16219100952148435
0.08184394836425779

