0.11593780517578123
0.16266784667968748
0.3126331329345703
0.3762908935546875
0.27996978759765623
0.1631446838378906
0.09018859863281248
0.048942184448242165
0.20272216796874998
0.21368942260742185
0.351495361328125
0.20868263244628904
0.14955482482910154
0.09853324890136717
0.13977966308593748
0.23228607177734373
0.2527900695800781
0.24229965209960935
0.10282478332519529
0.15646896362304685
0.25898895263671873
0.359124755859375
0.07397613525390623
0.16171417236328123
0.21774253845214842
0.10663948059082029
0.16481361389160154
0.08279762268066404

