0.11641464233398435
0.16600570678710935
0.3112026214599609
0.41634521484375
0.27782402038574217
0.1612373352050781
0.08589706420898435
0.051803207397460915
0.20343742370605467
0.21988830566406248
0.3538795471191406
0.22966346740722654
0.1505084991455078
0.09805641174316404
0.13668022155761717
0.23800811767578123
0.25183639526367185
0.2439685821533203
0.1021095275878906
0.18007240295410154
0.26256523132324217
0.36389312744140623
0.08136711120605467
0.15503845214843748
0.21583518981933592
0.1078315734863281
0.17578086853027342
0.07469139099121092

