0.11832199096679685
0.1860328674316406
0.34100494384765623
0.3748603820800781
0.30142745971679685
0.16529045104980467
0.0906654357910156
0.04846534729003904
0.2077289581298828
0.2134510040283203
0.37962875366210935
0.21607360839843748
0.14740905761718748
0.09209594726562498
0.13811073303222654
0.2287097930908203
0.2604194641113281
0.24659118652343748
0.10330162048339842
0.17768821716308592
0.26256523132324217
0.36055526733398435
0.07898292541503904
0.15718421936035154
0.21774253845214842
0.10926208496093748
0.1803108215332031
0.08470497131347654

