0.11426887512207029
0.1650520324707031
0.3119178771972656
0.3748603820800781
0.27853927612304685
0.1745887756347656
0.09233436584472654
0.05037269592285154
0.2012916564941406
0.21225891113281248
0.3431507110595703
0.21631202697753904
0.14645538330078123
0.09614906311035154
0.1574226379394531
0.2375312805175781
0.25302848815917967
0.24682960510253904
0.09805641174316404
0.1536079406738281
0.25684318542480467
0.3622241973876953
0.0773139953613281
0.14836273193359373
0.2127357482910156
0.10711631774902342
0.1714893341064453
0.08089027404785154

