0.11975250244140623
0.16791305541992185
0.31406364440917967
0.3793903350830078
0.2871223449707031
0.1714893341064453
0.0944801330566406
0.05204162597656248
0.20653686523437498
0.21249732971191404
0.35221061706542967
0.2134510040283203
0.15336952209472654
0.10330162048339842
0.14311752319335935
0.23705444335937498
0.2580352783203125
0.24468383789062498
0.10497055053710935
0.16624412536621092
0.2546974182128906
0.36770782470703123
0.08542022705078123
0.15313110351562498
0.21011314392089842
0.10759315490722654
0.16838989257812498
0.08208236694335935

