0.11975250244140623
0.16171417236328123
0.3226467132568359
0.37843666076660154
0.2802082061767578
0.1650520324707031
0.09281120300292967
0.053710556030273415
0.2020069122314453
0.20939788818359373
0.34911117553710935
0.21678886413574217
0.15217742919921873
0.09591064453124998
0.14073333740234373
0.2375312805175781
0.2520748138427734
0.2501674652099609
0.09972534179687498
0.16099891662597654
0.25755844116210935
0.3679462432861328
0.07683715820312498
0.1543231964111328
0.21249732971191404
0.11498413085937498
0.16815147399902342
0.07993659973144529

