0.11999092102050779
0.17005882263183592
0.31215629577636717
0.3779598236083984
0.2763935089111328
0.16815147399902342
0.09090385437011717
0.0525184631347656
0.2070137023925781
0.21559677124023435
0.3457733154296875
0.21297416687011717
0.1478858947753906
0.09853324890136717
0.1402565002441406
0.23323974609374998
0.25183639526367185
0.24611434936523435
0.10234794616699217
0.15766105651855467
0.25875053405761717
0.35793266296386717
0.08971176147460935
0.15694580078124998
0.21678886413574217
0.10616264343261717
0.16600570678710935
0.06300888061523435

