0.11426887512207029
0.16934356689453123
0.31811676025390623
0.3877349853515625
0.27925453186035154
0.17053565979003904
0.09614906311035154
0.054664230346679665
0.20558319091796873
0.21821937561035154
0.3462501525878906
0.2172657012939453
0.14383277893066404
0.09543380737304685
0.1421638488769531
0.23419342041015623
0.2554126739501953
0.24849853515624998
0.09924850463867185
0.15766105651855467
0.2561279296875
0.3641315460205078
0.07707557678222654
0.15718421936035154
0.21106681823730467
0.1078315734863281
0.16529045104980467
0.07779083251953123

