0.11426887512207029
0.16743621826171873
0.3150173187255859
0.3741451263427734
0.27663192749023435
0.16791305541992185
0.09781799316406248
0.04846534729003904
0.20343742370605467
0.20939788818359373
0.3798671722412109
0.2115436553955078
0.15003166198730467
0.0944801330566406
0.13501129150390623
0.26208839416503904
0.2520748138427734
0.2496906280517578
0.10330162048339842
0.1574226379394531
0.25827369689941404
0.3684230804443359
0.07445297241210935
0.1517005920410156
0.21631202697753904
0.10711631774902342
0.17005882263183592
0.07707557678222654

