0.11760673522949217
0.1676746368408203
0.3081031799316406
0.37962875366210935
0.2794929504394531
0.17125091552734373
0.09424171447753904
0.05132637023925779
0.20367584228515623
0.21321258544921873
0.34863433837890623
0.21011314392089842
0.16409835815429685
0.10354003906249998
0.14359436035156248
0.23490867614746092
0.25112113952636717
0.2496906280517578
0.11140785217285154
0.1650520324707031
501.80274925231936
0.3648468017578125
0.08327445983886717
0.1497932434082031
0.21869621276855467
0.10735473632812498
0.16242942810058592
0.08017501831054685

