0.1135536193847656
0.1676746368408203
0.3145404815673828
0.3793903350830078
0.28354606628417967
0.16910514831542967
0.08995018005371092
0.04751167297363279
0.20343742370605467
0.21225891113281248
0.35221061706542967
0.21559677124023435
0.14645538330078123
0.09734115600585935
0.1352497100830078
0.2306171417236328
0.24802169799804685
0.24349174499511717
0.10044059753417967
0.15980682373046873
0.2546974182128906
0.35984001159667967
0.07683715820312498
0.15027008056640623
0.21058998107910154
0.10878524780273435
0.16791305541992185
0.08279762268066404

