0.12332878112792967
0.18650970458984373
0.343865966796875
0.35244903564453123
0.30023536682128904
0.17101249694824217
0.09734115600585935
0.050849533081054665
0.20343742370605467
0.21821937561035154
0.3793903350830078
0.21249732971191404
0.1459785461425781
0.09805641174316404
0.1390644073486328
0.24039230346679685
0.25135955810546873
0.24849853515624998
0.10330162048339842
0.18555603027343748
0.2597042083740234
0.36508522033691404
0.08422813415527342
0.15503845214843748
0.21225891113281248
0.11140785217285154
0.1733966827392578
0.07779083251953123

