0.1116462707519531
0.1612373352050781
0.3131099700927734
0.3882118225097656
0.28044662475585935
0.1695819854736328
0.09972534179687498
0.050849533081054665
0.20439109802246092
0.21035156249999998
0.3481575012207031
0.21178207397460935
0.14883956909179685
0.09543380737304685
0.14144859313964842
0.23419342041015623
0.25112113952636717
0.24444541931152342
0.09686431884765623
0.15837631225585935
0.2577968597412109
0.36389312744140623
0.07516822814941404
0.15694580078124998
0.21368942260742185
0.10997734069824217
0.17172775268554685
0.08422813415527342

