0.1173683166503906
0.1695819854736328
0.313348388671875
0.38296661376953123
0.27853927612304685
0.17291984558105467
0.09471855163574217
0.05347213745117185
0.20272216796874998
0.20534477233886717
0.35817108154296873
0.21106681823730467
0.14502487182617185
0.08923492431640623
0.14144859313964842
0.2344318389892578
0.25875053405761717
0.24682960510253904
0.09877166748046873
0.15146217346191404
0.25898895263671873
0.36055526733398435
0.08208236694335935
0.15503845214843748
0.20844421386718748
0.10544738769531248
0.16600570678710935
0.07779083251953123

