0.12070617675781248
0.19080123901367185
0.33838233947753904
0.35030326843261717
0.30405006408691404
0.17387351989746092
0.0944801330566406
0.04655799865722654
0.20749053955078123
0.20987472534179685
0.3786750793457031
0.20939788818359373
0.1466938018798828
0.0925727844238281
0.13548812866210935
0.23085556030273435
0.25374374389648435
0.2394386291503906
0.09996376037597654
0.17744979858398435
0.2616115570068359
0.36317787170410154
0.08470497131347654
0.16076049804687498
0.21750411987304685
0.10568580627441404
0.17125091552734373
0.07588348388671873

