0.11879882812499998
0.16147575378417967
0.2814002990722656
0.37915191650390623
0.2802082061767578
0.16815147399902342
0.08947334289550779
0.05204162597656248
0.20272216796874998
0.21130523681640623
0.3469654083251953
0.2153583526611328
0.1428791046142578
0.0925727844238281
0.14526329040527342
0.23991546630859373
0.25302848815917967
0.24539909362792967
0.10330162048339842
0.1600452423095703
0.2561279296875
0.3557868957519531
0.0792213439941406
0.1478858947753906
0.2127357482910156
0.1078315734863281
0.16242942810058592
0.0734992980957031

