0.11784515380859373
0.16862831115722654
0.2871223449707031
0.37843666076660154
0.2802082061767578
0.1707740783691406
0.09114227294921873
0.05299530029296873
0.20558319091796873
0.21178207397460935
0.3436275482177734
0.21416625976562498
0.14168701171874998
0.12285194396972654
0.14001808166503904
0.2542205810546875
0.24873695373535154
0.24754486083984373
0.09471855163574217
0.1555152893066406
0.2604194641113281
0.3634162902832031
0.08136711120605467
0.15599212646484373
0.21368942260742185
0.10735473632812498
0.16862831115722654
0.08041343688964842

