0.12189826965332029
0.16910514831542967
0.28736076354980467
0.37891349792480467
0.28235397338867185
0.16457519531249998
0.09090385437011717
0.05609474182128904
0.20367584228515623
0.20915946960449217
0.35101852416992185
0.21249732971191404
0.14764747619628904
0.0982948303222656
0.14001808166503904
0.22823295593261717
0.25326690673828123
0.2508827209472656
0.0982948303222656
0.15480003356933592
0.2580352783203125
0.3596015930175781
0.0792213439941406
0.1466938018798828
0.20987472534179685
0.09138069152832029
0.1669593811035156
0.10806999206542967

