0.08995018005371092
0.16362152099609373
0.282830810546875
0.37319145202636717
0.28306922912597654
0.16624412536621092
0.09233436584472654
0.04727325439453123
0.20296058654785154
0.20796737670898435
0.35292587280273435
0.2089210510253906
0.14454803466796873
0.09328804016113279
0.13811073303222654
0.2592273712158203
0.2520748138427734
0.24826011657714842
0.09424171447753904
0.15003166198730467
0.25827369689941404
0.3627010345458984
0.07850608825683592
0.14931640624999998
0.21750411987304685
0.10950050354003904
0.1714893341064453
0.07397613525390623

