0.12380561828613279
0.1638599395751953
0.28569183349609373
0.3767677307128906
0.28306922912597654
0.1707740783691406
0.09042701721191404
0.048942184448242165
0.20653686523437498
0.2153583526611328
0.3457733154296875
0.21321258544921873
0.14693222045898435
0.09757957458496092
0.13858757019042967
0.2618499755859375
0.24921379089355467
0.24539909362792967
0.09567222595214842
0.1905628204345703
0.26089630126953123
0.36580047607421873
0.07874450683593748
0.15193901062011717
0.2153583526611328
0.1040168762207031
0.1707740783691406
0.07683715820312498

