0.12022933959960935
0.16457519531249998
0.28306922912597654
0.4161067962646484
0.27806243896484373
0.1676746368408203
0.08923492431640623
0.05132637023925779
0.2039142608642578
0.21559677124023435
0.34720382690429685
0.2096363067626953
0.14502487182617185
0.09281120300292967
0.13429603576660154
0.23276290893554685
0.25064430236816404
0.24849853515624998
0.09901008605957029
0.15909156799316404
0.2687641143798828
0.36389312744140623
0.07969818115234373
0.15861473083496092
0.21702728271484373
0.08613548278808592
0.1631446838378906
0.07802925109863279

