0.11450729370117185
0.1688667297363281
0.28736076354980467
0.3793903350830078
0.29904327392578123
0.1695819854736328
0.09304962158203123
0.057525253295898415
0.20462951660156248
0.20939788818359373
0.34219703674316404
0.20844421386718748
0.15289268493652342
0.09924850463867185
0.14121017456054685
0.2806850433349609
0.2573200225830078
0.25326690673828123
0.09853324890136717
0.1543231964111328
0.2508827209472656
0.3634162902832031
0.07755241394042967
0.16242942810058592
0.2146430969238281
0.10902366638183592
0.1676746368408203
0.08971176147460935

