0.11951408386230467
0.1650520324707031
0.3088184356689453
0.3781982421875
0.2806850433349609
0.16552886962890623
0.09376487731933592
0.054664230346679665
0.20725212097167967
0.21202049255371092
0.34076652526855467
0.21440467834472654
0.14621696472167967
0.09209594726562498
0.1383491516113281
0.2558895111083984
0.25565109252929685
0.22656402587890623
0.10640106201171873
0.15861473083496092
0.25493583679199217
0.35531005859375
0.07588348388671873
0.15384635925292967
0.21750411987304685
0.10544738769531248
0.1695819854736328
0.10067901611328123

