0.09352645874023435
0.16838989257812498
0.28759918212890623
0.38105926513671873
0.27782402038574217
0.1688667297363281
0.08971176147460935
0.05204162597656248
0.20248374938964842
0.21893463134765623
0.3519721984863281
0.21178207397460935
0.14812431335449217
0.09734115600585935
0.14073333740234373
0.2737709045410156
0.25827369689941404
0.2504058837890625
0.10377845764160154
0.16076049804687498
0.2692409515380859
0.3641315460205078
0.08017501831054685
0.1536079406738281
0.2165504455566406
0.1097389221191406
0.17005882263183592
0.07469139099121092

