0.0887580871582031
0.16910514831542967
0.29308280944824217
0.38296661376953123
0.2814002990722656
0.16862831115722654
0.13596496582031248
0.05323371887207029
0.20105323791503904
0.21035156249999998
0.34291229248046873
0.21511993408203123
0.1517005920410156
0.09877166748046873
0.13620338439941404
0.2566047668457031
0.24754486083984373
0.24468383789062498
0.09686431884765623
0.16147575378417967
0.2580352783203125
0.359124755859375
0.07993659973144529
0.15456161499023435
0.21511993408203123
0.07612190246582029
0.17625770568847654
0.08184394836425779

