0.09591064453124998
0.16600570678710935
0.2909370422363281
0.38606605529785154
0.2787776947021484
0.17291984558105467
0.0944801330566406
0.0563331604003906
0.20486793518066404
0.21058998107910154
0.3481575012207031
0.21178207397460935
0.14883956909179685
0.0963874816894531
0.13811073303222654
0.2573200225830078
0.2580352783203125
0.2775856018066406
0.10735473632812498
0.1612373352050781
0.26018104553222654
0.3641315460205078
0.08351287841796873
0.15980682373046873
0.21559677124023435
0.10449371337890623
0.1695819854736328
0.07659873962402342

