0.09686431884765623
0.16338310241699217
0.28378448486328123
0.40204010009765623
0.27925453186035154
0.1695819854736328
0.09328804016113279
0.048942184448242165
0.20105323791503904
0.2580352783203125
0.34481964111328123
0.21321258544921873
0.14574012756347654
0.11593780517578123
0.14168701171874998
0.2611347198486328
0.2451606750488281
0.24468383789062498
0.10306320190429685
0.16409835815429685
0.25517425537109373
0.36198577880859373
0.0811286926269531
0.15289268493652342
0.21297416687011717
0.08089027404785154
0.17291984558105467
0.08661231994628904

