0.11593780517578123
0.16648254394531248
0.28736076354980467
0.37700614929199217
0.28378448486328123
0.16552886962890623
0.09614906311035154
0.05418739318847654
0.20915946960449217
0.21511993408203123
0.3507801055908203
0.2115436553955078
0.1733966827392578
0.09567222595214842
0.14311752319335935
0.2566047668457031
0.2623268127441406
0.24659118652343748
0.10950050354003904
0.15217742919921873
0.25636634826660154
0.3607936859130859
0.08160552978515623
0.15122375488281248
0.20915946960449217
0.10663948059082029
0.16982040405273435
0.07564506530761717

