0.1211830139160156
0.16362152099609373
0.30667266845703123
0.37772140502929685
0.27925453186035154
0.17244300842285154
0.09471855163574217
0.05132637023925779
0.2000995635986328
0.21130523681640623
0.374383544921875
0.2115436553955078
0.10687789916992185
0.09400329589843748
0.1409717559814453
0.23419342041015623
0.25374374389648435
0.23920021057128904
0.10139427185058592
0.17983398437499998
0.26065788269042967
0.3557868957519531
0.07469139099121092
0.1497932434082031
0.20987472534179685
0.10330162048339842
0.16409835815429685
0.07850608825683592

