0.11712989807128904
0.16028366088867185
0.3073879241943359
0.3824897766113281
0.27901611328125
0.16648254394531248
0.09471855163574217
0.05132637023925779
0.20725212097167967
0.21702728271484373
0.3760524749755859
0.21249732971191404
0.1505084991455078
0.09376487731933592
0.14335594177246092
0.23896179199218748
0.25064430236816404
0.24754486083984373
0.1040168762207031
0.17578086853027342
0.2585121154785156
0.35793266296386717
0.07588348388671873
0.15074691772460935
0.21106681823730467
0.10926208496093748
0.1695819854736328
0.07779083251953123

