0.11689147949218748
0.16910514831542967
0.30953369140625
0.3793903350830078
0.2768703460693359
0.17315826416015623
0.08422813415527342
0.04727325439453123
0.20176849365234373
0.21392784118652342
0.37056884765625
0.20749053955078123
0.17816505432128904
0.09281120300292967
0.13787231445312498
0.23037872314453123
0.252313232421875
0.24253807067871092
0.10616264343261717
0.17435035705566404
0.26089630126953123
0.3584095001220703
0.08017501831054685
0.15313110351562498
0.21702728271484373
0.10997734069824217
0.1631446838378906
0.07683715820312498

