0.11665306091308592
0.16433677673339842
0.3088184356689453
0.3812976837158203
0.27973136901855467
0.17291984558105467
0.09138069152832029
0.05323371887207029
0.20081481933593748
0.21488151550292967
0.3755756378173828
0.21368942260742185
0.1326271057128906
0.09734115600585935
0.14335594177246092
0.2299018859863281
0.25255165100097654
0.2394386291503906
0.1192756652832031
0.17673454284667967
0.2618499755859375
0.3569789886474609
0.08542022705078123
0.15885314941406248
0.21058998107910154
0.1040168762207031
0.17125091552734373
0.08041343688964842

