0.11760673522949217
0.16171417236328123
0.31024894714355467
0.3767677307128906
0.27853927612304685
0.1688667297363281
0.09781799316406248
0.05132637023925779
0.20439109802246092
0.21011314392089842
0.37056884765625
0.2134510040283203
0.1497932434082031
0.0906654357910156
0.14121017456054685
0.22918663024902342
0.25302848815917967
0.2420612335205078
0.10234794616699217
0.18269500732421873
0.25875053405761717
0.3603168487548828
0.0773139953613281
0.15789947509765623
0.21488151550292967
0.10687789916992185
0.1650520324707031
0.08613548278808592

