0.12237510681152342
0.1676746368408203
0.21440467834472654
0.31287155151367185
0.24063072204589842
0.1943775177001953
0.09400329589843748
0.10854682922363279
0.1486011505126953
0.22632560729980467
0.34028968811035154
0.29832801818847654
0.20367584228515623
0.0982948303222656
0.14836273193359373
0.19723854064941404
0.22942504882812498
0.3259845733642578
0.1486011505126953
0.14907798767089842
0.2279945373535156
0.35864791870117185
0.13048133850097654
0.15837631225585935
0.2439685821533203
0.12785873413085935
0.1555152893066406
0.10306320190429685

