0.0887580871582031
0.12237510681152342
0.27591667175292967
0.35531005859375
0.2546974182128906
0.22775611877441404
0.07588348388671873
0.09543380737304685
0.1898475646972656
0.3264614105224609
0.29689750671386717
0.25112113952636717
0.16529045104980467
0.08613548278808592
0.23610076904296873
0.2706714630126953
0.3774829864501953
0.22656402587890623
0.14764747619628904
0.2413459777832031
0.4530616760253906
0.4041858673095703
0.14645538330078123
0.22561035156249998
0.24301490783691404
0.14764747619628904
0.19342384338378904
0.12523612976074217

