0.10354003906249998
0.12928924560546873
0.2844997406005859
0.3393360137939453
0.22942504882812498
0.1924701690673828
0.08470497131347654
0.10282478332519529
0.19199333190917967
0.3069110870361328
0.27353248596191404
0.2597042083740234
0.1619525909423828
0.08279762268066404
0.2134510040283203
0.24730644226074217
0.3839202880859375
0.23037872314453123
0.1497932434082031
0.21607360839843748
0.4504390716552734
0.3760524749755859
0.14574012756347654
0.22561035156249998
0.2134510040283203
0.16934356689453123
0.2051063537597656
0.12285194396972654

