0.08804283142089842
0.13477287292480467
0.29069862365722654
0.3703304290771484
0.19318542480468748
0.19700012207031248
0.08398971557617185
0.10282478332519529
0.19723854064941404
0.31167945861816404
0.27424774169921873
0.2501674652099609
0.1638599395751953
0.08565864562988279
0.21106681823730467
0.24873695373535154
0.3812976837158203
0.22370300292968748
0.15193901062011717
0.22274932861328123
0.45020065307617185
0.3774829864501953
0.1524158477783203
0.2287097930908203
0.2153583526611328
0.15074691772460935
0.20272216796874998
0.11999092102050779

