0.09591064453124998
0.12976608276367185
0.29069862365722654
0.366754150390625
0.2630420684814453
0.1936622619628906
0.10544738769531248
0.10711631774902342
0.1955696105957031
0.35626373291015623
0.2999969482421875
0.24849853515624998
0.1612373352050781
0.08422813415527342
0.2542205810546875
0.27591667175292967
0.3874965667724609
0.25565109252929685
0.15480003356933592
0.23991546630859373
0.4556842803955078
0.4313655853271484
0.14931640624999998
0.22274932861328123
0.26900253295898435
0.1536079406738281
0.22727928161621092
0.14717063903808592

