0.08923492431640623
0.12189826965332029
0.29069862365722654
0.3665157318115234
0.2654262542724609
0.19008598327636717
0.10425529479980467
0.10735473632812498
0.19270858764648435
0.3610321044921875
0.2997585296630859
0.252313232421875
0.1593299865722656
0.07969818115234373
0.24229965209960935
0.2749629974365234
0.37843666076660154
0.25374374389648435
0.15098533630371092
0.2439685821533203
0.4511543273925781
0.4335113525390625
0.1524158477783203
0.22203407287597654
0.27019462585449217
0.15885314941406248
0.23133239746093748
0.15408477783203123

