0.09519538879394529
0.12809715270996092
0.2878376007080078
0.36007843017578123
0.22751770019531248
0.1955696105957031
0.07945976257324217
0.10258636474609373
0.1974769592285156
0.33313713073730467
0.2718635559082031
0.2542205810546875
0.15909156799316404
0.08327445983886717
0.21869621276855467
0.27043304443359373
0.38272819519042967
0.23014030456542967
0.15503845214843748
0.21821937561035154
0.44710121154785154
0.37700614929199217
0.1466938018798828
0.22251091003417967
0.21368942260742185
0.1497932434082031
0.19652328491210935
0.12928924560546873

