0.09853324890136717
0.13000450134277342
0.2883144378662109
0.3710456848144531
0.26256523132324217
0.19580802917480467
0.10640106201171873
0.10735473632812498
0.1924701690673828
0.3550716400146484
0.30333480834960935
0.2566047668457031
0.16219100952148435
0.09114227294921873
0.23800811767578123
0.2737709045410156
0.3877349853515625
0.2577968597412109
0.1543231964111328
0.24229965209960935
0.45353851318359373
0.4366107940673828
0.15098533630371092
0.24468383789062498
0.26590309143066404
0.15670738220214842
0.34791908264160154
0.15265426635742185

