0.09352645874023435
0.1276203155517578
0.29069862365722654
0.3634162902832031
0.2859302520751953
0.18889389038085935
0.12618980407714842
0.09471855163574217
0.18150291442871092
0.34291229248046873
0.2866455078125
0.2489753723144531
0.15289268493652342
0.06634674072265623
0.22727928161621092
0.26518783569335935
0.3703304290771484
0.2439685821533203
0.14264068603515623
0.22942504882812498
0.4404254913330078
0.40132484436035154
0.13405761718749998
0.21440467834472654
0.2527900695800781
0.14335594177246092
0.21178207397460935
0.13811073303222654

