0.09090385437011717
0.1352497100830078
0.28759918212890623
0.3717609405517578
0.1943775177001953
0.1936622619628906
0.08518180847167967
0.1021095275878906
0.1993843078613281
0.33337554931640623
0.2680488586425781
0.2515979766845703
0.15766105651855467
0.08351287841796873
0.21368942260742185
0.24754486083984373
0.38487396240234373
0.21964988708496092
0.14883956909179685
0.2229877471923828
0.4544921875
0.3781982421875
0.14764747619628904
0.2203651428222656
0.21631202697753904
0.14812431335449217
0.19485435485839842
0.12332878112792967

