0.0925727844238281
0.12976608276367185
0.29308280944824217
0.34219703674316404
0.19413909912109373
0.19723854064941404
0.08184394836425779
0.11188468933105467
0.1917549133300781
0.30953369140625
0.23109397888183592
0.24921379089355467
0.15956840515136717
0.07850608825683592
0.2153583526611328
0.2458759307861328
0.3843971252441406
0.22561035156249998
0.1898475646972656
0.2134510040283203
0.42087516784667967
0.3596015930175781
0.1447864532470703
0.22513351440429685
0.2127357482910156
0.15193901062011717
0.17768821716308592
0.09757957458496092

