0.09734115600585935
0.13358078002929685
0.28545341491699217
0.34028968811035154
0.26518783569335935
0.19485435485839842
0.10497055053710935
0.10377845764160154
0.1924701690673828
0.3565021514892578
0.2992816925048828
0.2577968597412109
0.16219100952148435
0.08613548278808592
0.24253807067871092
0.2706714630126953
0.37915191650390623
0.25135955810546873
0.15265426635742185
0.23967704772949217
0.4563995361328125
0.42850456237792967
0.14454803466796873
0.22394142150878904
0.26971778869628904
0.15599212646484373
0.22060356140136717
0.15003166198730467

