0.09495697021484373
0.1364418029785156
0.28354606628417967
0.36818466186523435
0.2668567657470703
0.19533119201660154
0.10854682922363279
0.10330162048339842
0.19461593627929685
0.3545948028564453
0.29451332092285154
0.2489753723144531
0.1600452423095703
0.07993659973144529
0.23610076904296873
0.2744861602783203
0.3824897766113281
0.25255165100097654
0.15122375488281248
0.23800811767578123
0.44972381591796873
0.4301734924316406
0.1428791046142578
0.2279945373535156
0.26137313842773435
0.1555152893066406
0.22060356140136717
0.1459785461425781

