0.10163269042968748
0.1314350128173828
0.2966590881347656
0.36365470886230467
0.25827369689941404
0.19032440185546873
0.10640106201171873
0.10830841064453123
0.1936622619628906
0.3545948028564453
0.3011890411376953
0.24873695373535154
0.1619525909423828
0.0849433898925781
0.2382465362548828
0.27424774169921873
0.38988075256347654
0.2260871887207031
0.15217742919921873
0.24682960510253904
0.44900856018066404
0.41706047058105467
0.14931640624999998
0.22513351440429685
0.24373016357421873
0.17053565979003904
0.20033798217773435
0.12165985107421873

