0.10067901611328123
0.13429603576660154
0.28545341491699217
0.38344345092773435
0.2656646728515625
0.20081481933593748
0.10616264343261717
0.1078315734863281
0.18937072753906248
0.3576942443847656
0.29570541381835935
0.25445899963378904
0.1593299865722656
0.07898292541503904
0.23490867614746092
0.2732940673828125
0.382012939453125
0.24730644226074217
0.15289268493652342
0.24158439636230467
0.4518695831298828
0.4320808410644531
0.14168701171874998
0.22656402587890623
0.2711483001708984
0.14812431335449217
0.22131881713867185
0.14502487182617185

