0.09924850463867185
0.13095817565917967
0.2883144378662109
0.3488727569580078
0.2573200225830078
0.1879402160644531
0.1040168762207031
0.10520896911621092
0.19318542480468748
0.41348419189453123
0.29522857666015623
0.2558895111083984
0.16099891662597654
0.08065185546874998
0.23514709472656248
0.26781044006347654
0.38105926513671873
0.2515979766845703
0.1574226379394531
0.24039230346679685
0.458306884765625
0.4008480072021484
0.14454803466796873
0.22894821166992185
0.23967704772949217
0.14955482482910154
0.19509277343749998
0.12356719970703123

