0.0887580871582031
0.12642822265624998
0.28545341491699217
0.36055526733398435
0.19342384338378904
0.19318542480468748
0.08351287841796873
0.10377845764160154
0.19580802917480467
0.3302761077880859
0.2771087646484375
0.2566047668457031
0.15909156799316404
0.08375129699707029
0.21178207397460935
0.2504058837890625
0.3786750793457031
0.23014030456542967
0.1562305450439453
0.21297416687011717
0.44829330444335935
0.3824897766113281
0.14693222045898435
0.22966346740722654
0.21583518981933592
0.1517005920410156
0.20749053955078123
0.12523612976074217

