0.09662590026855467
0.13572654724121092
0.2883144378662109
0.3648468017578125
0.2673336029052734
0.1981922149658203
0.11259994506835935
0.1021095275878906
0.2000995635986328
0.3603168487548828
0.30405006408691404
0.26065788269042967
0.1619525909423828
0.08923492431640623
0.23967704772949217
0.2725788116455078
0.382012939453125
0.2561279296875
0.15766105651855467
0.24539909362792967
0.45401535034179685
0.4320808410644531
0.15480003356933592
0.22918663024902342
0.2694793701171875
0.16028366088867185
0.2268024444580078
0.15217742919921873

