0.09471855163574217
0.12738189697265623
0.2959438323974609
0.3686614990234375
0.2630420684814453
0.1791187286376953
0.10687789916992185
0.10616264343261717
0.19485435485839842
0.3596015930175781
0.30405006408691404
0.2542205810546875
0.16552886962890623
0.08971176147460935
0.24063072204589842
0.2711483001708984
0.3779598236083984
0.2573200225830078
0.1486011505126953
0.24873695373535154
0.4606910705566406
0.4263587951660156
0.14621696472167967
0.22561035156249998
0.2654262542724609
0.1505084991455078
0.22704086303710935
0.1867481231689453

