0.09877166748046873
0.13238868713378904
0.2840229034423828
0.3419586181640625
0.20057640075683592
0.19270858764648435
0.08375129699707029
0.10497055053710935
0.19723854064941404
0.3081031799316406
0.24301490783691404
0.2527900695800781
0.15480003356933592
0.08279762268066404
0.22513351440429685
0.24158439636230467
0.37700614929199217
0.22322616577148435
0.14812431335449217
0.21011314392089842
0.4504390716552734
0.3824897766113281
0.14574012756347654
0.22537193298339842
0.21631202697753904
0.15289268493652342
0.1981922149658203
0.12070617675781248

