0.09567222595214842
0.13215026855468748
0.2916522979736328
0.3634162902832031
0.22513351440429685
0.1955696105957031
0.10806999206542967
0.10520896911621092
0.19461593627929685
0.36007843017578123
0.2999969482421875
0.25684318542480467
0.15980682373046873
0.07945976257324217
0.24468383789062498
0.2783008575439453
0.38105926513671873
0.25755844116210935
0.1562305450439453
0.2413459777832031
0.4542537689208984
0.42874298095703123
0.15217742919921873
0.22632560729980467
0.26280364990234373
0.15098533630371092
0.22251091003417967
0.14764747619628904

