0.1002021789550781
0.13739547729492185
0.2909370422363281
0.34267387390136717
0.22537193298339842
0.18937072753906248
0.13000450134277342
0.10926208496093748
0.19962272644042967
0.35864791870117185
0.29427490234375
0.25255165100097654
0.15646896362304685
0.08255920410156248
0.23776969909667967
0.2687641143798828
0.3855892181396484
0.24349174499511717
0.15456161499023435
0.24229965209960935
0.45139274597167967
0.4256435394287109
0.14430961608886717
0.22823295593261717
0.2692409515380859
0.14955482482910154
0.22537193298339842
0.14836273193359373

