0.09161911010742185
0.1295276641845703
0.29189071655273435
0.36580047607421873
0.25636634826660154
0.19103965759277342
0.10759315490722654
0.10163269042968748
0.19008598327636717
0.35435638427734373
0.298089599609375
0.24635276794433592
0.15527687072753904
0.08375129699707029
0.2401538848876953
0.2699562072753906
0.4065700531005859
0.2210803985595703
0.15027008056640623
0.24492225646972654
0.4549690246582031
0.41133842468261717
0.14836273193359373
0.2268024444580078
0.24086914062499998
0.15265426635742185
0.20081481933593748
0.12976608276367185

