0.09948692321777342
0.1345344543457031
0.2935596466064453
0.3646083831787109
0.25898895263671873
0.20057640075683592
0.10449371337890623
0.10568580627441404
0.19413909912109373
0.36627731323242185
0.3038116455078125
0.25135955810546873
0.15718421936035154
0.07969818115234373
0.23729286193847654
0.27162513732910154
0.38105926513671873
0.2470680236816406
0.15527687072753904
0.24229965209960935
0.46164474487304685
0.43255767822265623
0.1402565002441406
0.2241798400878906
0.2673336029052734
0.15599212646484373
0.22537193298339842
0.15456161499023435

