0.07183036804199217
0.13191184997558592
0.2909370422363281
0.31811676025390623
0.17029724121093748
0.1733966827392578
0.0849433898925781
0.11140785217285154
0.19342384338378904
0.31549415588378904
0.25183639526367185
0.25135955810546873
0.14693222045898435
0.08756599426269529
0.21559677124023435
0.24945220947265623
0.3870197296142578
0.23538551330566404
0.15217742919921873
0.22394142150878904
0.43255767822265623
0.35793266296386717
0.15122375488281248
0.23014030456542967
0.1924701690673828
0.15909156799316404
0.1810260772705078
0.1059242248535156

