0.09805641174316404
0.13477287292480467
0.28998336791992185
0.36508522033691404
0.25946578979492185
0.19604644775390623
0.10520896911621092
0.10258636474609373
0.19318542480468748
0.3534027099609375
0.29832801818847654
0.2515979766845703
0.16433677673339842
0.08041343688964842
0.23800811767578123
0.2732940673828125
0.38105926513671873
0.25064430236816404
0.15074691772460935
0.2413459777832031
0.4530616760253906
0.4373260498046875
0.14502487182617185
0.22751770019531248
0.2611347198486328
0.15766105651855467
0.2260871887207031
0.1524158477783203

