0.09614906311035154
0.12809715270996092
0.2866455078125
0.3722377777099609
0.26590309143066404
0.19151649475097654
0.10354003906249998
0.10473213195800779
0.19890747070312498
0.36007843017578123
0.3023811340332031
0.252313232421875
0.16672096252441404
0.08732757568359373
0.24563751220703123
0.2732940673828125
0.3817745208740234
0.25112113952636717
0.15646896362304685
0.24492225646972654
0.4518695831298828
0.4339881896972656
0.15027008056640623
0.2344318389892578
0.26256523132324217
0.1440711975097656
0.22441825866699217
0.15146217346191404

