0.07826766967773435
0.13787231445312498
0.2947517395019531
0.3245540618896484
0.17578086853027342
0.17387351989746092
0.08446655273437498
0.1116462707519531
0.19604644775390623
0.30261955261230467
0.2535053253173828
0.25493583679199217
0.14574012756347654
0.08804283142089842
0.21559677124023435
0.2496906280517578
0.39250335693359373
0.2344318389892578
0.15146217346191404
0.22179565429687498
0.45282325744628904
0.3596015930175781
0.14764747619628904
0.22465667724609373
0.19652328491210935
0.15885314941406248
0.1791187286376953
0.10425529479980467

