0.09471855163574217
0.13000450134277342
0.29522857666015623
0.36889991760253904
0.2248950958251953
0.18341026306152342
0.1097389221191406
0.10449371337890623
0.19962272644042967
0.35531005859375
0.30142745971679685
0.27234039306640623
0.22012672424316404
0.08232078552246092
0.23514709472656248
0.26971778869628904
0.38487396240234373
0.25636634826660154
0.14955482482910154
0.24420700073242185
0.4549690246582031
0.4358955383300781
0.1524158477783203
0.2287097930908203
0.27138671875
0.15694580078124998
0.22203407287597654
0.15074691772460935

