0.07659873962402342
0.13858757019042967
0.33719024658203123
0.32503089904785154
0.17959556579589842
0.16982040405273435
0.0887580871582031
0.10854682922363279
0.19604644775390623
0.31930885314941404
0.24229965209960935
0.25565109252929685
0.1421638488769531
0.0677772521972656
0.22084197998046873
0.24921379089355467
0.3839202880859375
0.2306171417236328
0.15575370788574217
0.21893463134765623
0.4237361907958984
0.359124755859375
0.14550170898437498
0.2248950958251953
0.19390068054199217
0.1612373352050781
0.17315826416015623
0.10044059753417967

