0.09877166748046873
0.13858757019042967
0.2999969482421875
0.3569789886474609
0.25135955810546873
0.17864189147949217
0.09948692321777342
0.09591064453124998
0.18555603027343748
0.34458122253417967
0.3011890411376953
0.25684318542480467
0.16099891662597654
0.07945976257324217
0.23991546630859373
0.27281723022460935
0.3843971252441406
0.2535053253173828
0.15289268493652342
0.24158439636230467
0.4537769317626953
0.4308887481689453
0.14955482482910154
0.22894821166992185
0.2661415100097656
0.1555152893066406
0.22274932861328123
0.15122375488281248

