0.09352645874023435
0.13429603576660154
0.2852149963378906
0.36770782470703123
0.26399574279785154
0.22584877014160154
0.1021095275878906
0.10616264343261717
0.21511993408203123
0.36055526733398435
0.29570541381835935
0.24849853515624998
0.15670738220214842
0.0906654357910156
0.23872337341308592
0.2749629974365234
0.5002685546875001
0.25445899963378904
0.15837631225585935
0.23014030456542967
0.45544586181640623
0.4335113525390625
0.1440711975097656
0.22894821166992185
0.2656646728515625
0.1536079406738281
0.22394142150878904
0.1555152893066406

