0.09424171447753904
0.12642822265624998
0.2852149963378906
0.3412433624267578
0.19723854064941404
0.1917549133300781
0.08089027404785154
0.1040168762207031
0.19485435485839842
0.31287155151367185
0.25493583679199217
0.25326690673828123
0.16171417236328123
0.08279762268066404
0.2134510040283203
0.24945220947265623
0.38225135803222654
0.22155723571777342
0.1517005920410156
0.21702728271484373
0.45520744323730467
0.38272819519042967
0.14645538330078123
0.22274932861328123
0.22131881713867185
0.15336952209472654
0.20653686523437498
0.1269050598144531

