0.09138069152832029
0.13501129150390623
0.29570541381835935
0.37080726623535154
0.26208839416503904
0.19962272644042967
0.10520896911621092
0.1002021789550781
0.19700012207031248
0.38487396240234373
0.30261955261230467
0.2546974182128906
0.1638599395751953
0.08232078552246092
0.24373016357421873
0.27234039306640623
0.3939338684082031
0.25565109252929685
0.15694580078124998
0.2439685821533203
0.4544921875
0.43374977111816404
0.15074691772460935
0.22751770019531248
0.27090988159179685
0.1524158477783203
0.22394142150878904
0.14836273193359373

