0.09304962158203123
0.13429603576660154
0.28879127502441404
0.34410438537597654
0.1879402160644531
0.2031990051269531
0.0849433898925781
0.10902366638183592
0.19199333190917967
0.3081031799316406
0.24349174499511717
0.25255165100097654
0.16266784667968748
0.08208236694335935
0.20844421386718748
0.24992904663085935
0.37843666076660154
0.22704086303710935
0.1466938018798828
0.21583518981933592
0.44757804870605467
0.3901191711425781
0.15265426635742185
0.22251091003417967
0.21583518981933592
0.15122375488281248
0.20176849365234373
0.1288124084472656

