0.12213668823242185
0.12666664123535154
0.28759918212890623
0.3641315460205078
0.259942626953125
0.1924701690673828
0.10663948059082029
0.10735473632812498
0.19318542480468748
0.3584095001220703
0.29189071655273435
0.2554126739501953
0.1555152893066406
0.08398971557617185
0.23204765319824217
0.2711483001708984
0.38153610229492185
0.25708160400390623
0.14764747619628904
0.2401538848876953
0.4523464202880859
0.4022785186767578
0.15003166198730467
0.2203651428222656
0.24110755920410154
0.14740905761718748
0.1974769592285156
0.12452087402343748

