0.09972534179687498
0.13238868713378904
0.29117546081542967
0.34863433837890623
0.19008598327636717
0.19342384338378904
0.08542022705078123
0.10139427185058592
0.1974769592285156
0.30285797119140623
0.27210197448730467
0.2508827209472656
0.1600452423095703
0.08160552978515623
0.20820579528808592
0.25135955810546873
0.38225135803222654
0.22131881713867185
0.14812431335449217
0.21750411987304685
0.45282325744628904
0.38415870666503904
0.14693222045898435
0.22775611877441404
0.2210803985595703
0.15480003356933592
0.2000995635986328
0.12738189697265623

