0.09591064453124998
0.14121017456054685
0.29141387939453123
0.37128410339355467
0.2661415100097656
0.18817863464355467
0.10449371337890623
0.10306320190429685
0.19390068054199217
0.3627010345458984
0.29952011108398435
0.25112113952636717
0.1612373352050781
0.0868507385253906
0.24158439636230467
0.2756782531738281
0.3855892181396484
0.25708160400390623
0.1574226379394531
0.2451606750488281
0.4587837219238281
0.43637237548828123
0.14883956909179685
0.22584877014160154
0.26471099853515623
0.15217742919921873
0.2299018859863281
0.15646896362304685

