0.09686431884765623
0.13668022155761717
0.29117546081542967
0.36436996459960935
0.26018104553222654
0.18937072753906248
0.10759315490722654
0.11045417785644529
0.20176849365234373
0.35674057006835935
0.2985664367675781
0.2566047668457031
0.16481361389160154
0.08089027404785154
0.2165504455566406
0.27734718322753904
0.3805824279785156
0.25445899963378904
0.15861473083496092
0.24539909362792967
0.45663795471191404
0.40585479736328123
0.1524158477783203
0.2260871887207031
0.24277648925781248
0.15074691772460935
0.20534477233886717
0.15289268493652342

