0.09328804016113279
0.13381919860839842
0.28616867065429685
0.3431507110595703
0.25445899963378904
0.18817863464355467
0.10282478332519529
0.10640106201171873
0.19700012207031248
0.35793266296386717
0.2966590881347656
0.24945220947265623
0.15718421936035154
0.0925727844238281
0.24373016357421873
0.27353248596191404
0.38225135803222654
0.2527900695800781
0.14693222045898435
0.24492225646972654
0.45139274597167967
0.4358955383300781
0.14907798767089842
0.2210803985595703
0.28378448486328123
0.15265426635742185
0.22370300292968748
0.15074691772460935

