0.08828124999999998
0.1288124084472656
0.29522857666015623
0.3641315460205078
0.26709518432617185
0.19294700622558592
0.11403045654296873
0.10282478332519529
0.19509277343749998
0.3584095001220703
0.3016658782958984
0.2554126739501953
0.16242942810058592
0.08756599426269529
0.2413459777832031
0.26637992858886717
0.3855892181396484
0.2520748138427734
0.1497932434082031
0.2420612335205078
0.45020065307617185
0.4289813995361328
0.14740905761718748
0.23204765319824217
0.27043304443359373
0.14931640624999998
0.22012672424316404
0.15217742919921873

