0.09781799316406248
0.13358078002929685
0.2885528564453125
0.36508522033691404
0.2673336029052734
0.19080123901367185
0.10330162048339842
0.10282478332519529
0.19032440185546873
0.3565021514892578
0.29713592529296873
0.2616115570068359
0.1555152893066406
0.08089027404785154
0.24229965209960935
0.2673336029052734
0.38296661376953123
0.25183639526367185
0.15861473083496092
0.24611434936523435
0.45401535034179685
0.43446502685546873
0.14907798767089842
0.22823295593261717
0.27234039306640623
0.15098533630371092
0.2318092346191406
0.15193901062011717

