0.09662590026855467
0.13167343139648435
0.2883144378662109
0.3679462432861328
0.26137313842773435
0.1936622619628906
0.08637390136718748
0.12380561828613279
0.19509277343749998
0.35626373291015623
0.3030963897705078
0.2577968597412109
0.16028366088867185
0.08756599426269529
0.24039230346679685
0.26900253295898435
0.3832050323486328
0.22847137451171873
0.14955482482910154
0.24039230346679685
0.45854530334472654
0.41348419189453123
0.14645538330078123
0.22847137451171873
0.23681602478027342
0.15146217346191404
0.2020069122314453
0.11951408386230467

