0.09662590026855467
0.12785873413085935
0.2916522979736328
0.36389312744140623
0.2623268127441406
0.19127807617187498
0.10902366638183592
0.10425529479980467
0.19342384338378904
0.35221061706542967
0.29379806518554685
0.2546974182128906
0.15718421936035154
0.07993659973144529
0.23920021057128904
0.27996978759765623
0.37962875366210935
0.22847137451171873
0.1555152893066406
0.24563751220703123
0.45139274597167967
0.4041858673095703
0.15408477783203123
0.22847137451171873
0.24492225646972654
0.15527687072753904
0.2012916564941406
0.12833557128906248

