0.0906654357910156
0.13286552429199217
0.28759918212890623
0.36627731323242185
0.25708160400390623
0.19270858764648435
0.10687789916992185
0.10902366638183592
0.19771537780761717
0.35626373291015623
0.30142745971679685
0.26089630126953123
0.16529045104980467
0.08828124999999998
0.23991546630859373
0.2771087646484375
0.38845024108886717
0.25445899963378904
0.15885314941406248
0.24253807067871092
0.45282325744628904
0.43684921264648435
0.1524158477783203
0.23037872314453123
0.26971778869628904
0.1555152893066406
0.2318092346191406
0.15289268493652342

