0.10616264343261717
0.13572654724121092
0.29522857666015623
0.3565021514892578
0.26637992858886717
0.19318542480468748
0.10544738769531248
0.10520896911621092
0.1981922149658203
0.3569789886474609
0.30905685424804685
0.2539821624755859
0.15718421936035154
0.08470497131347654
0.23514709472656248
0.2756782531738281
0.3824897766113281
0.22751770019531248
0.1497932434082031
0.24611434936523435
0.4523464202880859
0.4118152618408203
0.14359436035156248
0.2203651428222656
0.24563751220703123
0.15122375488281248
0.2000995635986328
0.12380561828613279

