0.09495697021484373
0.1307197570800781
0.2921291351318359
0.37390670776367185
0.2661415100097656
0.19103965759277342
0.1078315734863281
0.1040168762207031
0.19318542480468748
0.3596015930175781
0.29522857666015623
0.24921379089355467
0.15456161499023435
0.08375129699707029
0.24110755920410154
0.2737709045410156
0.3793903350830078
0.2501674652099609
0.1486011505126953
0.24229965209960935
0.4518695831298828
0.42921981811523435
0.1428791046142578
0.21988830566406248
0.26518783569335935
0.14931640624999998
0.22394142150878904
0.14907798767089842

