0.0963874816894531
0.13286552429199217
0.2890296936035156
0.34028968811035154
0.18650970458984373
0.19652328491210935
0.07779083251953123
0.10449371337890623
0.19103965759277342
0.30667266845703123
0.24158439636230467
0.25112113952636717
0.16266784667968748
0.08851966857910154
0.21178207397460935
0.24277648925781248
0.3863044738769531
0.23085556030273435
0.1497932434082031
0.21798095703124998
0.44757804870605467
0.35221061706542967
0.1447864532470703
0.22465667724609373
0.2077289581298828
0.14907798767089842
0.1676746368408203
0.10044059753417967

