0.09376487731933592
0.1295276641845703
0.2883144378662109
0.36770782470703123
0.26089630126953123
0.1955696105957031
0.1097389221191406
0.10640106201171873
0.1943775177001953
0.4015632629394531
0.30095062255859373
0.26018104553222654
0.16147575378417967
0.07993659973144529
0.23681602478027342
0.27019462585449217
0.3839202880859375
0.2554126739501953
0.14764747619628904
0.2432533264160156
0.4518695831298828
0.4103847503662109
0.15027008056640623
0.22465667724609373
0.2687641143798828
0.14907798767089842
0.22346458435058592
0.14931640624999998

