0.0963874816894531
0.12547454833984373
0.2890296936035156
0.3367134094238281
0.18722496032714842
0.18841705322265623
0.07636032104492185
0.1002021789550781
0.19485435485839842
0.3050037384033203
0.2527900695800781
0.24849853515624998
0.16266784667968748
0.08232078552246092
0.21130523681640623
0.24373016357421873
0.382012939453125
0.22513351440429685
0.1524158477783203
0.21583518981933592
0.4499622344970703
0.37962875366210935
0.15003166198730467
0.22394142150878904
0.21416625976562498
0.1466938018798828
0.19342384338378904
0.11903724670410154

