0.0963874816894531
0.12905082702636717
0.2928443908691406
0.3474422454833984
0.21607360839843748
0.19461593627929685
0.08327445983886717
0.10687789916992185
0.19270858764648435
0.3092952728271484
0.2680488586425781
0.2566047668457031
0.15837631225585935
0.08732757568359373
0.20796737670898435
0.2458759307861328
0.3793903350830078
0.22942504882812498
0.15217742919921873
0.22012672424316404
0.4537769317626953
0.3779598236083984
0.14907798767089842
0.2279945373535156
0.2153583526611328
0.18078765869140623
0.19843063354492185
0.1269050598144531

