0.09352645874023435
0.13477287292480467
0.2885528564453125
0.34028968811035154
0.26471099853515623
0.1905628204345703
0.11045417785644529
0.10377845764160154
0.19199333190917967
0.3534027099609375
0.30023536682128904
0.2546974182128906
0.17768821716308592
0.08375129699707029
0.23467025756835935
0.26828727722167967
0.3870197296142578
0.24992904663085935
0.15265426635742185
0.24229965209960935
0.45210800170898435
0.4511543273925781
0.14717063903808592
0.2260871887207031
0.267572021484375
0.15003166198730467
0.2241798400878906
0.1543231964111328

