0.0715919494628906
0.13691864013671873
0.29427490234375
0.34028968811035154
0.18078765869140623
0.19890747070312498
0.08804283142089842
0.10640106201171873
0.19151649475097654
0.3131099700927734
0.24921379089355467
0.2542205810546875
0.1600452423095703
0.08136711120605467
0.2146430969238281
0.2542205810546875
0.3832050323486328
0.22537193298339842
0.1505084991455078
0.2115436553955078
0.4487701416015625
0.3565021514892578
0.14526329040527342
0.2248950958251953
0.21297416687011717
0.1536079406738281
0.17435035705566404
0.0944801330566406

