0.09352645874023435
0.12905082702636717
0.29260597229003904
0.36627731323242185
0.26709518432617185
0.19223175048828123
0.10878524780273435
0.11307678222656248
0.19771537780761717
0.3569789886474609
0.2961822509765625
0.25374374389648435
0.15694580078124998
0.08446655273437498
0.24063072204589842
0.2732940673828125
0.3805824279785156
0.252313232421875
0.1524158477783203
0.24086914062499998
0.4568763732910156
0.43303451538085935
0.14383277893066404
0.22632560729980467
0.2654262542724609
0.14550170898437498
0.22274932861328123
0.14812431335449217

