0.09757957458496092
0.13215026855468748
0.29069862365722654
0.36556205749511717
0.20224533081054685
0.19080123901367185
0.08279762268066404
0.10354003906249998
0.18841705322265623
0.328607177734375
0.267572021484375
0.24802169799804685
0.15789947509765623
0.07612190246582029
0.2134510040283203
0.24635276794433592
0.3824897766113281
0.22346458435058592
0.15122375488281248
0.20987472534179685
0.4466243743896484
0.3760524749755859
0.14335594177246092
0.2203651428222656
0.21202049255371092
0.15027008056640623
0.19461593627929685
0.12380561828613279

