0.09138069152832029
0.13095817565917967
0.2973743438720703
0.3686614990234375
0.26089630126953123
0.19270858764648435
0.1078315734863281
0.10115585327148435
0.19962272644042967
0.35411796569824217
0.2999969482421875
0.25636634826660154
0.16219100952148435
0.08089027404785154
0.23610076904296873
0.2737709045410156
0.37962875366210935
0.2566047668457031
0.15217742919921873
0.23729286193847654
0.4530616760253906
0.40204010009765623
0.1497932434082031
0.22131881713867185
0.2592273712158203
0.15646896362304685
0.22561035156249998
0.15265426635742185

