0.0925727844238281
0.16242942810058592
0.2966590881347656
0.35626373291015623
0.2337165832519531
0.17005882263183592
0.06730041503906248
0.0830360412597656
0.19318542480468748
0.24373016357421873
0.31287155151367185
0.2806850433349609
0.1497932434082031
0.10663948059082029
0.15885314941406248
0.21202049255371092
0.2864070892333984
0.18579444885253904
0.10640106201171873
0.17363510131835935
0.28044662475585935
0.252313232421875
0.09209594726562498
0.18007240295410154
0.22322616577148435
0.12475929260253904
0.20176849365234373
0.08613548278808592

