0.08542022705078123
0.16672096252441404
0.2978511810302734
0.351495361328125
0.22513351440429685
0.16791305541992185
0.07206878662109373
0.08398971557617185
0.18841705322265623
0.23872337341308592
0.31406364440917967
0.28306922912597654
0.14955482482910154
0.10616264343261717
0.15384635925292967
0.2115436553955078
0.29117546081542967
0.18531761169433592
0.1116462707519531
0.16600570678710935
0.27615509033203123
0.2561279296875
0.09328804016113279
0.1803108215332031
0.22370300292968748
0.12285194396972654
0.1993843078613281
0.08422813415527342

