0.08589706420898435
0.17291984558105467
0.2947517395019531
0.35101852416992185
0.22751770019531248
0.17220458984374998
0.07087669372558592
0.056571578979492165
0.18770179748535154
0.24039230346679685
0.305718994140625
0.27806243896484373
0.14192543029785154
0.10663948059082029
0.15527687072753904
0.21011314392089842
0.28545341491699217
0.18150291442871092
0.10711631774902342
0.1688667297363281
0.2699562072753906
0.24873695373535154
0.09185752868652342
0.1764961242675781
0.22155723571777342
0.12618980407714842
0.20153007507324217
0.08065185546874998

