0.0868507385253906
0.16529045104980467
0.2954669952392578
0.3512569427490234
0.23323974609374998
0.16934356689453123
0.07373771667480467
0.06086311340332029
0.1860328674316406
0.24063072204589842
0.3088184356689453
0.28044662475585935
0.1440711975097656
0.10854682922363279
0.18078765869140623
0.21559677124023435
0.28378448486328123
0.18507919311523435
0.1078315734863281
0.17363510131835935
0.27234039306640623
0.2489753723144531
0.09567222595214842
0.18197975158691404
0.2363391876220703
0.12666664123535154
0.2070137023925781
0.08279762268066404

