0.08470497131347654
0.15646896362304685
0.29689750671386717
0.3488727569580078
0.2318092346191406
0.1764961242675781
0.07278404235839842
0.07898292541503904
0.19390068054199217
0.23657760620117185
0.30953369140625
0.27973136901855467
0.14907798767089842
0.10497055053710935
0.15575370788574217
0.21964988708496092
0.28569183349609373
0.17792663574218748
0.10377845764160154
0.16743621826171873
0.27281723022460935
0.26256523132324217
0.0887580871582031
0.17959556579589842
0.22060356140136717
0.12475929260253904
0.20272216796874998
0.08398971557617185

