0.09281120300292967
0.1669593811035156
0.2997585296630859
0.34791908264160154
0.22561035156249998
0.17315826416015623
0.07302246093749998
0.06515464782714842
0.1822181701660156
0.24492225646972654
0.30452690124511717
0.27901611328125
0.14740905761718748
0.10330162048339842
0.15193901062011717
0.20439109802246092
0.28569183349609373
0.17888031005859373
0.10449371337890623
0.16934356689453123
0.2687641143798828
0.252313232421875
0.09519538879394529
0.17888031005859373
0.21798095703124998
0.12094459533691404
0.2077289581298828
0.07969818115234373

