0.11903724670410154
0.16433677673339842
0.29642066955566404
0.3531642913818359
0.23037872314453123
0.1695819854736328
0.06324729919433592
0.08255920410156248
0.18960914611816404
0.24349174499511717
0.31287155151367185
0.27353248596191404
0.15003166198730467
0.10377845764160154
0.1524158477783203
0.20915946960449217
0.28187713623046873
0.18197975158691404
0.1078315734863281
0.17172775268554685
0.27090988159179685
0.2470680236816406
0.09185752868652342
0.1745887756347656
0.22274932861328123
0.12046775817871092
0.23228607177734373
0.08398971557617185

