0.08851966857910154
0.1753040313720703
0.2999969482421875
0.34982643127441404
0.2623268127441406
0.19533119201660154
0.07492980957031248
0.08661231994628904
0.18770179748535154
0.2432533264160156
0.3152557373046875
0.3119178771972656
0.15193901062011717
0.13048133850097654
0.17744979858398435
0.21368942260742185
0.29189071655273435
0.1848407745361328
0.11426887512207029
0.17172775268554685
0.3016658782958984
0.2630420684814453
0.09686431884765623
0.17935714721679685
0.22656402587890623
0.1295276641845703
0.21607360839843748
0.09090385437011717

