0.0868507385253906
0.16219100952148435
0.3004737854003906
0.3495880126953125
0.22465667724609373
0.17435035705566404
0.06563148498535154
0.08160552978515623
0.18650970458984373
0.24730644226074217
0.30858001708984373
0.28044662475585935
0.14621696472167967
0.10711631774902342
0.1543231964111328
0.20915946960449217
0.28306922912597654
0.1784034729003906
0.10306320190429685
0.16552886962890623
0.2737709045410156
0.24492225646972654
0.09304962158203123
0.17435035705566404
0.22847137451171873
0.11951408386230467
0.2051063537597656
0.08065185546874998

