0.09209594726562498
0.1688667297363281
0.30095062255859373
0.3565021514892578
0.23109397888183592
0.18126449584960935
0.0734992980957031
0.054664230346679665
0.18460235595703123
0.24253807067871092
0.30667266845703123
0.28044662475585935
0.1409717559814453
0.10377845764160154
0.14740905761718748
0.20486793518066404
0.28497657775878904
0.17601928710937498
0.10258636474609373
0.16815147399902342
0.2680488586425781
0.25064430236816404
0.08971176147460935
0.17697296142578123
0.2191730499267578
0.12356719970703123
0.23872337341308592
0.08232078552246092

