0.08780441284179685
0.16672096252441404
0.2923675537109375
0.3495880126953125
0.22775611877441404
0.16672096252441404
0.06920776367187498
0.05990943908691404
0.18841705322265623
0.23776969909667967
0.30261955261230467
0.2864070892333984
0.14430961608886717
0.10616264343261717
0.1543231964111328
0.20820579528808592
0.2847381591796875
0.1822181701660156
0.1059242248535156
0.16791305541992185
0.2692409515380859
0.2520748138427734
0.0925727844238281
0.1753040313720703
0.22394142150878904
0.11712989807128904
500.7551380157471
0.08255920410156248

