0.0944801330566406
0.17005882263183592
0.32884559631347654
0.38225135803222654
0.29141387939453123
0.20081481933593748
0.020093536376953106
0.08470497131347654
0.1905628204345703
0.24635276794433592
0.31096420288085935
0.31549415588378904
0.15193901062011717
0.18650970458984373
0.18245658874511717
0.21750411987304685
0.2985664367675781
0.19580802917480467
0.11045417785644529
0.16838989257812498
0.2940364837646484
0.2554126739501953
0.09805641174316404
0.18197975158691404
0.22727928161621092
0.12547454833984373
0.21011314392089842
0.08947334289550779

