0.09686431884765623
0.19199333190917967
0.29761276245117185
0.34863433837890623
0.2542205810546875
0.17291984558105467
0.06825408935546873
0.08136711120605467
0.19008598327636717
0.24182281494140623
0.31358680725097654
0.2737709045410156
0.14526329040527342
0.10759315490722654
0.15670738220214842
0.21631202697753904
0.28306922912597654
0.1822181701660156
0.11069259643554685
0.16409835815429685
0.27043304443359373
0.2501674652099609
0.09567222595214842
0.18126449584960935
0.23014030456542967
0.12714347839355467
0.23204765319824217
0.08255920410156248

