0.08732757568359373
0.1695819854736328
0.2947517395019531
0.3474422454833984
0.24873695373535154
0.16910514831542967
0.07039985656738279
0.0792213439941406
0.18627128601074217
0.23967704772949217
0.3457733154296875
0.2802082061767578
0.14526329040527342
0.10520896911621092
0.15146217346191404
0.21440467834472654
0.27853927612304685
0.17673454284667967
0.10330162048339842
0.15956840515136717
0.27210197448730467
0.24110755920410154
0.08780441284179685
0.17435035705566404
0.22370300292968748
0.12189826965332029
0.23467025756835935
0.0906654357910156

