0.08804283142089842
0.1650520324707031
0.2973743438720703
0.35364112854003904
0.25183639526367185
0.16529045104980467
0.06372413635253904
0.08160552978515623
0.18460235595703123
0.24539909362792967
0.30834159851074217
0.27901611328125
0.1459785461425781
0.10735473632812498
0.14883956909179685
0.21178207397460935
0.28163871765136717
0.18007240295410154
0.10425529479980467
0.16910514831542967
0.2997585296630859
0.2458759307861328
0.0887580871582031
0.1784034729003906
0.22894821166992185
0.12285194396972654
0.2344318389892578
0.08565864562988279

