0.09090385437011717
0.17053565979003904
0.29689750671386717
0.3500648498535156
0.25183639526367185
0.16600570678710935
0.06634674072265623
0.08375129699707029
0.18698654174804685
0.24492225646972654
0.3081031799316406
0.2711483001708984
0.15193901062011717
0.10330162048339842
0.15503845214843748
0.2108283996582031
0.2897449493408203
0.18245658874511717
0.11712989807128904
0.16838989257812498
0.29880485534667967
0.24730644226074217
0.09901008605957029
0.1867481231689453
0.2260871887207031
0.12738189697265623
0.23800811767578123
0.07826766967773435

