0.08756599426269529
0.16242942810058592
0.30142745971679685
0.35054168701171873
0.25517425537109373
0.1753040313720703
0.07087669372558592
0.07636032104492185
0.18436393737792967
0.24253807067871092
0.31048736572265623
0.27663192749023435
0.14645538330078123
0.10187110900878904
0.1517005920410156
0.21416625976562498
0.2866455078125
0.17792663574218748
0.10663948059082029
0.16815147399902342
0.2999969482421875
0.25064430236816404
0.08732757568359373
0.17792663574218748
0.21988830566406248
0.12738189697265623
0.23395500183105467
0.08613548278808592

