0.08947334289550779
0.16600570678710935
0.2978511810302734
0.3550716400146484
0.25898895263671873
0.17554244995117185
0.06873092651367185
0.061339950561523415
0.19413909912109373
0.24373016357421873
0.3126331329345703
0.2809234619140625
0.1421638488769531
0.10878524780273435
0.15027008056640623
0.21511993408203123
0.28616867065429685
0.18341026306152342
0.10902366638183592
0.16791305541992185
0.2959438323974609
0.24730644226074217
0.0925727844238281
0.1784034729003906
0.21964988708496092
0.12428245544433592
0.23419342041015623
0.07898292541503904

