0.07516822814941404
0.1600452423095703
0.29713592529296873
0.3474422454833984
0.2542205810546875
0.16719779968261717
0.06873092651367185
0.0849433898925781
0.18913230895996092
0.23872337341308592
0.30786476135253904
0.2794929504394531
0.14645538330078123
0.10806999206542967
0.14907798767089842
0.2165504455566406
0.28306922912597654
0.18126449584960935
0.10806999206542967
0.1657672882080078
0.29499015808105467
0.24492225646972654
0.09090385437011717
0.18054924011230467
0.22441825866699217
0.12165985107421873
0.23014030456542967
0.08470497131347654

