0.08851966857910154
0.16409835815429685
0.30476531982421873
0.3557868957519531
0.2771087646484375
0.17029724121093748
0.06634674072265623
0.0830360412597656
0.18555603027343748
0.23920021057128904
0.31930885314941404
0.2814002990722656
0.14740905761718748
0.10926208496093748
0.15289268493652342
0.20868263244628904
0.28759918212890623
0.18007240295410154
0.10950050354003904
0.16648254394531248
0.3016658782958984
0.2458759307861328
0.09662590026855467
0.18269500732421873
0.23133239746093748
0.12666664123535154
0.24086914062499998
0.09376487731933592

