0.08851966857910154
0.19485435485839842
0.29308280944824217
0.3500648498535156
0.25445899963378904
0.17411193847656248
0.07445297241210935
0.09114227294921873
0.18436393737792967
0.24039230346679685
0.31287155151367185
0.28235397338867185
0.1524158477783203
0.10735473632812498
0.15408477783203123
0.20939788818359373
0.2923675537109375
0.18555603027343748
0.10616264343261717
0.16719779968261717
0.2985664367675781
0.24873695373535154
0.09114227294921873
0.1822181701660156
0.23228607177734373
0.1230903625488281
0.23300132751464842
0.0792213439941406

