0.08947334289550779
0.16648254394531248
0.2947517395019531
0.34648857116699217
0.2527900695800781
0.16719779968261717
0.06539306640624998
0.08446655273437498
0.1879402160644531
0.2432533264160156
0.3081031799316406
0.275201416015625
0.1428791046142578
0.10663948059082029
0.15146217346191404
0.2172657012939453
0.2794929504394531
0.1784034729003906
0.10520896911621092
0.16743621826171873
0.29069862365722654
0.2520748138427734
0.09304962158203123
0.18317184448242185
0.21869621276855467
0.12356719970703123
0.2299018859863281
0.07707557678222654

