0.09424171447753904
0.16552886962890623
0.29427490234375
0.38153610229492185
0.2649494171142578
0.17625770568847654
0.07302246093749998
0.08017501831054685
0.1917549133300781
0.2413459777832031
0.3138252258300781
0.2833076477050781
0.14740905761718748
0.11283836364746092
0.1524158477783203
0.20749053955078123
0.28998336791992185
0.1879402160644531
0.1097389221191406
0.17125091552734373
0.29427490234375
0.24563751220703123
0.08851966857910154
0.18126449584960935
0.22584877014160154
0.12213668823242185
0.23490867614746092
0.08589706420898435

