0.08375129699707029
0.16481361389160154
0.2999969482421875
0.3488727569580078
0.2542205810546875
0.19318542480468748
0.07039985656738279
0.08661231994628904
0.19008598327636717
0.2566047668457031
0.30953369140625
0.2802082061767578
0.14264068603515623
0.1059242248535156
0.1543231964111328
0.2089210510253906
0.2890296936035156
0.18937072753906248
0.10497055053710935
0.16099891662597654
0.29451332092285154
0.28235397338867185
0.09543380737304685
0.17363510131835935
0.22370300292968748
0.11903724670410154
0.22894821166992185
0.07612190246582029

