0.08923492431640623
0.16743621826171873
0.29904327392578123
0.35244903564453123
0.2573200225830078
0.1962848663330078
0.06730041503906248
0.08565864562988279
0.1879402160644531
0.24182281494140623
0.3114410400390625
0.2783008575439453
0.1676746368408203
0.13381919860839842
0.15313110351562498
0.2108283996582031
0.28116188049316404
0.18341026306152342
0.10473213195800779
0.1657672882080078
0.30476531982421873
0.25135955810546873
0.09304962158203123
0.17959556579589842
0.2241798400878906
0.12189826965332029
0.23419342041015623
0.07612190246582029

