0.08446655273437498
0.16552886962890623
0.2966590881347656
0.3512569427490234
0.2554126739501953
0.1688667297363281
0.07063827514648435
0.08351287841796873
0.1898475646972656
0.24659118652343748
0.3138252258300781
0.2749629974365234
0.15122375488281248
0.13358078002929685
0.1536079406738281
0.20868263244628904
0.2840229034423828
0.18555603027343748
0.10234794616699217
0.16719779968261717
0.29880485534667967
0.25255165100097654
0.09328804016113279
0.17792663574218748
0.23347816467285154
0.12380561828613279
0.23419342041015623
0.08661231994628904

