0.09114227294921873
0.17196617126464842
0.29427490234375
0.3736682891845703
0.2577968597412109
0.17029724121093748
0.06706199645996092
0.061339950561523415
0.18746337890624998
0.24468383789062498
0.3169246673583984
0.2840229034423828
0.14454803466796873
0.11426887512207029
0.1924701690673828
0.2096363067626953
0.2840229034423828
0.1898475646972656
0.11045417785644529
0.16648254394531248
0.2935596466064453
0.24849853515624998
0.09686431884765623
0.17935714721679685
0.22632560729980467
0.13191184997558592
0.23800811767578123
0.07755241394042967

