0.08971176147460935
0.17172775268554685
0.29713592529296873
0.34863433837890623
0.2542205810546875
0.1688667297363281
0.06873092651367185
0.07850608825683592
0.18579444885253904
0.23872337341308592
0.30858001708984373
0.27853927612304685
0.13930282592773435
0.12833557128906248
0.15527687072753904
0.20653686523437498
0.27806243896484373
0.17768821716308592
0.10425529479980467
0.16362152099609373
0.2954669952392578
0.24110755920410154
0.08732757568359373
0.1764961242675781
0.22394142150878904
0.12070617675781248
0.2356239318847656
0.08255920410156248

