0.08851966857910154
0.16362152099609373
0.2966590881347656
0.37199935913085935
0.2558895111083984
0.1753040313720703
0.06730041503906248
0.06157836914062498
0.18817863464355467
0.2501674652099609
0.30834159851074217
0.2821155548095703
0.14144859313964842
0.12928924560546873
0.18126449584960935
0.2127357482910156
0.28736076354980467
0.18388710021972654
0.10687789916992185
0.1714893341064453
0.29952011108398435
0.24992904663085935
0.09138069152832029
0.18126449584960935
0.22918663024902342
0.12356719970703123
0.20415267944335935
0.08661231994628904

