0.0849433898925781
0.16433677673339842
0.2992816925048828
0.34648857116699217
0.27806243896484373
0.1631446838378906
0.07063827514648435
0.08184394836425779
0.1829334259033203
0.24063072204589842
0.31215629577636717
0.28426132202148435
0.14764747619628904
0.13548812866210935
0.15265426635742185
0.20629844665527342
0.282830810546875
0.17959556579589842
500.71675262451174
0.16815147399902342
0.29642066955566404
0.2515979766845703
0.08923492431640623
0.17816505432128904
0.21869621276855467
0.11689147949218748
0.23896179199218748
0.07707557678222654

