0.09138069152832029
0.16934356689453123
0.29642066955566404
0.404901123046875
0.252313232421875
0.17792663574218748
0.07016143798828123
0.08089027404785154
0.18650970458984373
0.23920021057128904
0.30786476135253904
0.3023811340332031
0.14526329040527342
0.13238868713378904
0.1517005920410156
0.21297416687011717
0.2909370422363281
0.1886554718017578
0.10640106201171873
0.1714893341064453
0.3023811340332031
0.2515979766845703
0.0944801330566406
0.18698654174804685
0.2260871887207031
0.11879882812499998
0.23800811767578123
0.0887580871582031

