0.09138069152832029
0.16552886962890623
0.29761276245117185
0.39607963562011717
0.252313232421875
0.17101249694824217
0.06420097351074217
0.08232078552246092
0.18937072753906248
0.2394386291503906
0.30858001708984373
0.2744861602783203
0.1390644073486328
0.13048133850097654
0.1536079406738281
0.20534477233886717
0.28163871765136717
0.1822181701660156
0.10497055053710935
0.16552886962890623
0.2921291351318359
0.24754486083984373
0.08661231994628904
0.1764961242675781
0.21893463134765623
0.11522254943847654
0.23204765319824217
0.08065185546874998

