0.08613548278808592
0.16147575378417967
0.29141387939453123
0.40394744873046873
0.25517425537109373
0.16862831115722654
0.06634674072265623
0.0830360412597656
0.18364868164062498
0.2401538848876953
0.3061958312988281
0.282830810546875
0.1543231964111328
0.12189826965332029
0.14311752319335935
0.19604644775390623
0.2744861602783203
0.1726814270019531
0.09424171447753904
0.15861473083496092
0.28497657775878904
0.2325244903564453
0.07755241394042967
0.16815147399902342
0.21583518981933592
0.11116943359374998
0.2172657012939453
0.07993659973144529

