0.08613548278808592
0.1657672882080078
0.2928443908691406
0.3519721984863281
0.2542205810546875
0.16624412536621092
0.07039985656738279
0.060386276245117165
0.18507919311523435
0.23776969909667967
0.31287155151367185
0.2787776947021484
0.14931640624999998
0.13048133850097654
0.17578086853027342
0.2108283996582031
0.28378448486328123
0.18317184448242185
0.10616264343261717
0.16529045104980467
0.2959438323974609
0.24563751220703123
0.0925727844238281
0.18245658874511717
0.22918663024902342
0.12380561828613279
0.20653686523437498
0.08708915710449217

