0.08518180847167967
0.1657672882080078
0.2997585296630859
0.39679489135742185
0.24802169799804685
0.1745887756347656
0.07254562377929685
0.08136711120605467
0.18722496032714842
0.2382465362548828
0.34291229248046873
0.2787776947021484
0.13977966308593748
0.13358078002929685
0.1486011505126953
0.21321258544921873
0.2885528564453125
0.1841255187988281
0.1040168762207031
0.17291984558105467
0.29451332092285154
0.24373016357421873
0.09662590026855467
0.18007240295410154
0.22155723571777342
0.12094459533691404
0.23538551330566404
0.0887580871582031

