0.09209594726562498
0.16672096252441404
0.29880485534667967
0.39941749572753904
0.2539821624755859
0.16910514831542967
0.06896934509277342
0.07802925109863279
0.1848407745361328
0.2451606750488281
0.31430206298828123
0.2802082061767578
0.1447864532470703
0.09901008605957029
0.14931640624999998
0.20439109802246092
0.2825923919677734
0.18078765869140623
0.11498413085937498
0.16982040405273435
0.29713592529296873
0.2496906280517578
0.0906654357910156
0.1841255187988281
0.22155723571777342
0.11522254943847654
0.23419342041015623
0.08279762268066404

