0.08422813415527342
0.16624412536621092
0.2923675537109375
0.3970333099365234
0.2489753723144531
0.17315826416015623
0.0734992980957031
0.08565864562988279
0.1905628204345703
0.2401538848876953
0.30405006408691404
0.2775856018066406
0.14740905761718748
0.1307197570800781
0.15074691772460935
0.20844421386718748
0.28569183349609373
0.18078765869140623
0.10616264343261717
0.16600570678710935
0.2897449493408203
0.26971778869628904
0.0868507385253906
0.1810260772705078
0.22370300292968748
0.15193901062011717
0.23514709472656248
0.08422813415527342

