0.09471855163574217
0.15861473083496092
0.2961822509765625
0.35435638427734373
0.26280364990234373
0.16910514831542967
0.06515464782714842
0.05871734619140623
0.1886554718017578
0.24468383789062498
0.305718994140625
0.2802082061767578
0.1478858947753906
0.13501129150390623
0.17482719421386717
0.21058998107910154
0.2833076477050781
0.18341026306152342
0.11069259643554685
0.17029724121093748
0.2921291351318359
0.2451606750488281
0.09662590026855467
0.18007240295410154
0.2279945373535156
0.12261352539062498
0.19843063354492185
0.08899650573730467

