0.0887580871582031
0.16338310241699217
0.29642066955566404
0.40251693725585935
1.7185874938964845
0.17005882263183592
0.07373771667480467
0.08041343688964842
0.1867481231689453
0.24635276794433592
0.30595741271972654
0.27138671875
0.1333423614501953
0.12213668823242185
0.13930282592773435
0.19986114501953123
0.275201416015625
0.17578086853027342
0.1040168762207031
0.15670738220214842
0.28950653076171873
0.2673336029052734
0.08613548278808592
0.17101249694824217
0.21130523681640623
0.11403045654296873
0.21988830566406248
0.06992301940917967

