0.08851966857910154
0.16028366088867185
0.29332122802734373
0.3965564727783203
0.275201416015625
0.17125091552734373
0.07183036804199217
0.08446655273437498
0.18197975158691404
0.23920021057128904
0.313348388671875
0.2725788116455078
0.14717063903808592
0.12618980407714842
0.15599212646484373
0.21011314392089842
0.28116188049316404
0.18531761169433592
0.10139427185058592
0.16147575378417967
0.290460205078125
0.26971778869628904
0.09209594726562498
0.17768821716308592
0.22131881713867185
0.12165985107421873
0.23037872314453123
0.08065185546874998

