0.0849433898925781
0.16838989257812498
0.2961822509765625
0.3481575012207031
0.25326690673828123
0.17363510131835935
0.07135353088378904
0.0563331604003906
0.19533119201660154
0.24492225646972654
0.3145404815673828
0.28187713623046873
0.14883956909179685
0.1333423614501953
0.17411193847656248
0.21321258544921873
0.28616867065429685
0.18531761169433592
0.11712989807128904
0.16838989257812498
0.29499015808105467
0.25326690673828123
0.09352645874023435
0.18245658874511717
0.22251091003417967
0.12332878112792967
0.19676170349121092
0.08398971557617185

