0.08828124999999998
0.1631446838378906
0.29427490234375
0.4270740509033203
0.28497657775878904
0.17482719421386717
0.07850608825683592
0.08446655273437498
0.18650970458984373
0.2458759307861328
0.3100105285644531
0.2802082061767578
0.14764747619628904
0.13119659423828123
0.15217742919921873
0.21440467834472654
0.29451332092285154
0.1791187286376953
0.10806999206542967
0.1726814270019531
0.29689750671386717
0.27400932312011717
0.09185752868652342
0.18555603027343748
0.22537193298339842
0.12094459533691404
0.23514709472656248
0.08065185546874998

