0.08422813415527342
0.16815147399902342
0.2985664367675781
0.3977485656738281
0.28545341491699217
0.19795379638671873
0.08446655273437498
0.08136711120605467
0.18650970458984373
0.24253807067871092
0.30714950561523435
0.27400932312011717
0.14645538330078123
0.13048133850097654
0.15122375488281248
0.2089210510253906
0.28306922912597654
0.19008598327636717
0.10997734069824217
0.16529045104980467
0.2916522979736328
0.3038116455078125
0.09471855163574217
0.1841255187988281
0.22322616577148435
0.12261352539062498
0.2451606750488281
0.08828124999999998

