0.08756599426269529
0.1631446838378906
0.2947517395019531
0.42230567932128904
0.27973136901855467
0.17435035705566404
0.05800209045410154
0.07993659973144529
0.1860328674316406
0.24349174499511717
0.3150173187255859
0.2775856018066406
0.13930282592773435
0.12928924560546873
0.15265426635742185
0.20868263244628904
0.29141387939453123
0.18174133300781248
0.10091743469238279
0.16910514831542967
0.29952011108398435
0.2699562072753906
0.09543380737304685
0.17864189147949217
0.2229877471923828
0.12523612976074217
0.23347816467285154
0.0830360412597656

