0.08828124999999998
0.16791305541992185
0.29308280944824217
0.42421302795410154
0.27782402038574217
0.19509277343749998
0.06801567077636717
0.07659873962402342
0.18841705322265623
0.24635276794433592
0.31430206298828123
0.2771087646484375
0.14717063903808592
0.13477287292480467
0.1543231964111328
0.2096363067626953
0.2902217864990234
0.18841705322265623
0.10282478332519529
0.16529045104980467
0.3061958312988281
0.27734718322753904
0.09400329589843748
0.15861473083496092
0.22894821166992185
0.1211830139160156
0.26208839416503904
0.08136711120605467

