0.08995018005371092
0.16242942810058592
0.29117546081542967
0.42659721374511717
0.30786476135253904
0.20081481933593748
0.07039985656738279
0.1002021789550781
0.1917549133300781
0.24468383789062498
0.31287155151367185
0.2794929504394531
0.14430961608886717
0.1421638488769531
0.1478858947753906
0.20486793518066404
0.28235397338867185
0.17673454284667967
0.11498413085937498
0.19390068054199217
0.3202625274658203
0.26637992858886717
0.08828124999999998
0.15670738220214842
0.2241798400878906
0.11903724670410154
0.25898895263671873
0.07802925109863279

