0.09090385437011717
0.16529045104980467
0.2973743438720703
0.42540512084960935
0.27853927612304685
0.19580802917480467
0.06515464782714842
0.08255920410156248
0.1803108215332031
0.24039230346679685
0.30905685424804685
0.27901611328125
0.14740905761718748
0.14311752319335935
0.15480003356933592
0.20749053955078123
0.27901611328125
0.18150291442871092
0.10568580627441404
0.19032440185546873
0.3214546203613281
0.275201416015625
0.09567222595214842
0.17935714721679685
0.22179565429687498
0.11498413085937498
0.2580352783203125
0.08208236694335935

