0.09138069152832029
0.1676746368408203
0.30595741271972654
0.35101852416992185
0.25565109252929685
0.17363510131835935
0.06920776367187498
0.06157836914062498
0.18841705322265623
0.2432533264160156
0.3092952728271484
0.2825923919677734
0.14264068603515623
0.13620338439941404
0.18269500732421873
0.21702728271484373
0.2794929504394531
0.18269500732421873
0.11212310791015623
0.1695819854736328
0.29713592529296873
0.24873695373535154
0.09376487731933592
0.17744979858398435
0.2203651428222656
0.12142143249511717
0.20987472534179685
0.08470497131347654

