0.08613548278808592
0.1631446838378906
0.2959438323974609
0.41968307495117185
0.28998336791992185
0.20153007507324217
0.07087669372558592
0.08351287841796873
0.18197975158691404
0.2363391876220703
0.3138252258300781
0.27853927612304685
0.1459785461425781
0.1295276641845703
0.14836273193359373
0.2089210510253906
0.2814002990722656
0.1841255187988281
0.10663948059082029
0.19127807617187498
0.31406364440917967
0.27162513732910154
0.09018859863281248
0.1574226379394531
0.22179565429687498
0.1154609680175781
0.25493583679199217
0.07993659973144529

