0.040359115600585915
0.16481361389160154
0.30071220397949217
0.34720382690429685
0.25326690673828123
0.16481361389160154
0.06634674072265623
0.05204162597656248
0.18770179748535154
0.24349174499511717
0.31430206298828123
0.28116188049316404
0.14740905761718748
0.12928924560546873
0.1753040313720703
0.24826011657714842
0.2840229034423828
0.1848407745361328
0.10854682922363279
0.16982040405273435
0.2959438323974609
0.25183639526367185
0.09185752868652342
0.1829334259033203
0.22704086303710935
0.11999092102050779
0.21249732971191404
0.0830360412597656

