0.08732757568359373
0.16719779968261717
0.29880485534667967
0.3569789886474609
0.2580352783203125
0.17291984558105467
0.06658515930175779
0.08351287841796873
0.1848407745361328
0.23538551330566404
0.30285797119140623
0.27973136901855467
0.13548812866210935
0.13358078002929685
0.15289268493652342
0.2115436553955078
0.2852149963378906
0.1829334259033203
0.1059242248535156
0.1612373352050781
0.29880485534667967
0.2477832794189453
0.09018859863281248
0.18388710021972654
0.21988830566406248
0.11760673522949217
0.20296058654785154
0.08208236694335935

