0.08828124999999998
0.16743621826171873
0.30023536682128904
0.34791908264160154
0.2515979766845703
0.17411193847656248
0.0696846008300781
0.05919418334960935
0.18269500732421873
0.2401538848876953
0.30333480834960935
0.2806850433349609
0.14168701171874998
0.1040168762207031
0.17196617126464842
0.20868263244628904
0.27901611328125
0.18269500732421873
0.10234794616699217
0.1669593811035156
0.2749629974365234
0.2458759307861328
0.09543380737304685
0.1753040313720703
0.22084197998046873
0.11951408386230467
0.19962272644042967
0.07969818115234373

