0.08565864562988279
0.16409835815429685
0.29451332092285154
0.35030326843261717
0.252313232421875
0.16791305541992185
0.0696846008300781
0.061339950561523415
0.19127807617187498
0.2432533264160156
0.31358680725097654
0.27663192749023435
0.14168701171874998
0.10568580627441404
0.17172775268554685
0.21368942260742185
0.28044662475585935
0.1860328674316406
0.10854682922363279
0.1669593811035156
0.2768703460693359
0.2477832794189453
0.09304962158203123
0.1772113800048828
0.22727928161621092
0.12142143249511717
0.22847137451171873
0.08351287841796873

