0.09281120300292967
0.16052207946777342
0.31740150451660154
0.35626373291015623
0.22727928161621092
0.17506561279296873
0.07206878662109373
0.05514106750488279
0.1867481231689453
0.2504058837890625
0.3152557373046875
0.2833076477050781
0.14883956909179685
0.1078315734863281
0.17983398437499998
0.21583518981933592
0.2859302520751953
0.1829334259033203
0.10306320190429685
0.16409835815429685
0.27853927612304685
0.24849853515624998
0.08542022705078123
0.1772113800048828
0.2279945373535156
0.12475929260253904
0.2077289581298828
0.0849433898925781

