0.1390644073486328
0.17196617126464842
0.30261955261230467
0.38463554382324217
0.2616115570068359
0.20534477233886717
0.07588348388671873
0.08208236694335935
0.19103965759277342
0.2432533264160156
0.3126331329345703
0.3100105285644531
0.1543231964111328
0.1345344543457031
0.1803108215332031
0.21941146850585935
0.29117546081542967
0.19652328491210935
0.10926208496093748
0.17220458984374998
0.30858001708984373
0.2585121154785156
0.10663948059082029
0.17816505432128904
0.23467025756835935
0.12595138549804685
0.21511993408203123
0.09495697021484373

