0.08828124999999998
0.16600570678710935
0.2999969482421875
0.3526874542236328
0.2611347198486328
0.17005882263183592
0.06706199645996092
0.07850608825683592
0.18507919311523435
0.24444541931152342
0.31096420288085935
0.2821155548095703
0.14574012756347654
0.10568580627441404
0.15313110351562498
0.21583518981933592
0.28235397338867185
0.18650970458984373
0.10854682922363279
0.17005882263183592
0.28163871765136717
0.26089630126953123
0.08756599426269529
0.18197975158691404
0.22203407287597654
0.12523612976074217
0.19986114501953123
0.08255920410156248

