0.0906654357910156
0.16743621826171873
0.2966590881347656
0.35054168701171873
0.22823295593261717
0.1733966827392578
0.07397613525390623
0.06062469482421873
0.18770179748535154
0.24301490783691404
0.31024894714355467
0.28497657775878904
0.1447864532470703
0.09948692321777342
0.1841255187988281
0.21058998107910154
0.2909370422363281
0.18174133300781248
0.1040168762207031
0.17125091552734373
0.27019462585449217
0.25302848815917967
0.09304962158203123
0.17578086853027342
0.2222724914550781
0.1269050598144531
0.2089210510253906
0.08756599426269529

