0.11307678222656248
0.12642822265624998
0.20272216796874998
0.24277648925781248
0.1917549133300781
0.2184577941894531
0.12785873413085935
0.13477287292480467
0.22561035156249998
0.21798095703124998
0.25135955810546873
0.22179565429687498
0.19676170349121092
0.12714347839355467
0.18627128601074217
0.21774253845214842
0.28569183349609373
0.366754150390625
0.08899650573730467
0.13858757019042967
0.17363510131835935
0.21392784118652342
0.13691864013671873
0.2077289581298828
0.3050037384033203
0.11450729370117185
0.1657672882080078
0.11760673522949217

