0.10854682922363279
0.12595138549804685
0.19914588928222654
0.2489753723144531
0.1886554718017578
0.22060356140136717
0.13215026855468748
0.13691864013671873
0.22465667724609373
0.21631202697753904
0.2585121154785156
0.21750411987304685
0.19723854064941404
0.15265426635742185
0.1841255187988281
0.23991546630859373
0.30452690124511717
0.4175373077392578
0.11236152648925779
0.13477287292480467
0.17411193847656248
0.2108283996582031
0.13548812866210935
0.20725212097167967
0.30643424987792967
0.1116462707519531
0.16409835815429685
0.11760673522949217

