0.09686431884765623
0.1383491516113281
0.27663192749023435
0.2668567657470703
0.24444541931152342
0.15384635925292967
0.07993659973144529
0.06277046203613279
0.19962272644042967
0.22274932861328123
0.33647499084472654
0.20725212097167967
0.1459785461425781
0.07659873962402342
0.13048133850097654
0.20415267944335935
0.29499015808105467
0.2954669952392578
0.08756599426269529
0.13477287292480467
0.28354606628417967
0.3302761077880859
0.09662590026855467
0.18436393737792967
0.27400932312011717
0.13858757019042967
0.21988830566406248
0.10950050354003904

