0.09519538879394529
0.13668022155761717
0.28569183349609373
0.2635189056396484
0.24611434936523435
0.1466938018798828
0.09114227294921873
0.06491622924804685
0.20558319091796873
0.21607360839843748
0.33146820068359373
0.20415267944335935
0.16362152099609373
0.08232078552246092
0.12714347839355467
0.20105323791503904
0.29570541381835935
0.2985664367675781
0.08851966857910154
0.14144859313964842
0.2852149963378906
0.3317066192626953
0.09901008605957029
0.1791187286376953
0.2763935089111328
0.1352497100830078
0.21869621276855467
0.10425529479980467

