0.08971176147460935
0.13191184997558592
0.28044662475585935
0.2616115570068359
0.24349174499511717
0.14764747619628904
0.08589706420898435
0.06348571777343748
0.20677528381347654
0.2172657012939453
0.35793266296386717
0.20534477233886717
0.14883956909179685
0.07850608825683592
0.13119659423828123
0.20439109802246092
0.2973743438720703
0.2966590881347656
0.08518180847167967
0.13286552429199217
0.2878376007080078
0.3336139678955078
0.10067901611328123
0.18150291442871092
0.27925453186035154
0.13310394287109373
0.21821937561035154
0.1078315734863281

