0.09591064453124998
0.13763389587402342
0.2833076477050781
0.27043304443359373
0.24253807067871092
0.15265426635742185
0.08947334289550779
0.06324729919433592
0.2020069122314453
0.21440467834472654
0.359124755859375
0.2115436553955078
0.14764747619628904
0.08089027404785154
0.12714347839355467
0.20534477233886717
0.2973743438720703
0.30023536682128904
0.0811286926269531
0.1345344543457031
0.28736076354980467
0.3603168487548828
0.10306320190429685
0.18531761169433592
0.2744861602783203
0.1421638488769531
0.22203407287597654
0.10544738769531248

