0.09519538879394529
0.14001808166503904
0.2821155548095703
0.26781044006347654
0.24063072204589842
0.1459785461425781
0.0849433898925781
0.06277046203613279
0.20415267944335935
0.22966346740722654
0.3588863372802734
0.20796737670898435
0.14740905761718748
0.08327445983886717
0.13215026855468748
0.21011314392089842
0.2947517395019531
0.30095062255859373
0.0811286926269531
0.1390644073486328
0.28926811218261717
0.3379055023193359
0.1021095275878906
0.18722496032714842
0.27424774169921873
0.1421638488769531
0.21821937561035154
0.1154609680175781

