0.09304962158203123
0.13405761718749998
0.28163871765136717
0.2694793701171875
0.2413459777832031
0.1536079406738281
0.08565864562988279
0.06730041503906248
0.20534477233886717
0.22012672424316404
0.36508522033691404
0.2108283996582031
0.14883956909179685
0.0773139953613281
0.13381919860839842
0.20868263244628904
0.29427490234375
0.29832801818847654
0.16791305541992185
0.13977966308593748
0.2821155548095703
0.3398128509521484
0.10163269042968748
0.18364868164062498
0.2775856018066406
0.1390644073486328
0.2229877471923828
0.11093101501464842

