0.09734115600585935
0.14264068603515623
0.27806243896484373
0.2680488586425781
0.2458759307861328
0.15456161499023435
0.08446655273437498
0.06443939208984373
0.20176849365234373
0.22441825866699217
0.35626373291015623
0.21178207397460935
0.14144859313964842
0.0773139953613281
0.12356719970703123
0.20629844665527342
0.29642066955566404
0.30214271545410154
0.08041343688964842
0.14049491882324217
0.2840229034423828
0.33385238647460935
0.09400329589843748
0.18126449584960935
0.2718635559082031
0.14073333740234373
0.21941146850585935
0.10687789916992185

