0.08661231994628904
0.1383491516113281
0.28616867065429685
0.2673336029052734
0.2382465362548828
0.1517005920410156
0.0830360412597656
0.062293624877929665
0.20677528381347654
0.21774253845214842
0.3534027099609375
0.21249732971191404
0.14764747619628904
0.07373771667480467
0.1249977111816406
0.20462951660156248
0.2973743438720703
0.29379806518554685
0.08899650573730467
0.13930282592773435
0.2847381591796875
0.33146820068359373
0.0982948303222656
0.1898475646972656
0.27901611328125
0.13405761718749998
0.21774253845214842
0.10520896911621092

