0.08971176147460935
0.13930282592773435
0.27663192749023435
0.26971778869628904
0.2477832794189453
0.14955482482910154
0.08589706420898435
0.06348571777343748
0.20248374938964842
0.22465667724609373
0.3610321044921875
0.21607360839843748
0.17435035705566404
0.07421455383300779
0.13048133850097654
0.21011314392089842
0.30095062255859373
0.30333480834960935
0.08065185546874998
0.13954124450683592
0.29069862365722654
0.3393360137939453
0.09686431884765623
0.1867481231689453
0.30285797119140623
0.14931640624999998
0.21988830566406248
0.10878524780273435

