0.09233436584472654
0.13811073303222654
0.27543983459472654
0.2623268127441406
0.24682960510253904
0.15265426635742185
0.08375129699707029
0.06634674072265623
0.2070137023925781
0.22179565429687498
0.3545948028564453
0.2096363067626953
0.15146217346191404
0.0792213439941406
0.13095817565917967
0.20486793518066404
0.2978511810302734
0.298089599609375
0.08899650573730467
0.13954124450683592
0.2809234619140625
0.33885917663574217
0.10115585327148435
0.1860328674316406
0.27400932312011717
0.1409717559814453
0.22203407287597654
0.11498413085937498

