0.09471855163574217
0.1402565002441406
0.27782402038574217
0.2668567657470703
0.3114410400390625
0.14550170898437498
0.09185752868652342
0.06682357788085935
0.2070137023925781
0.2229877471923828
0.3610321044921875
0.21321258544921873
0.14359436035156248
0.07779083251953123
0.13095817565917967
0.20153007507324217
0.30023536682128904
0.2966590881347656
0.0792213439941406
0.13858757019042967
0.2840229034423828
0.3355213165283203
0.10640106201171873
0.18460235595703123
0.27663192749023435
0.13787231445312498
0.22084197998046873
0.1059242248535156

