0.08995018005371092
0.1314350128173828
0.2802082061767578
0.26709518432617185
0.24539909362792967
0.14955482482910154
0.08756599426269529
0.06873092651367185
0.21297416687011717
0.24492225646972654
0.35817108154296873
0.2051063537597656
0.14812431335449217
0.07636032104492185
0.13191184997558592
0.2000995635986328
0.29451332092285154
0.29451332092285154
0.08089027404785154
0.1352497100830078
0.2866455078125
0.33313713073730467
500.7556148529053
0.18078765869140623
0.2692409515380859
0.13787231445312498
0.20987472534179685
0.10640106201171873

