0.08923492431640623
0.1314350128173828
0.282830810546875
0.2635189056396484
0.2420612335205078
0.1447864532470703
0.08851966857910154
0.05704841613769529
0.2031990051269531
0.21511993408203123
0.35435638427734373
0.2070137023925781
0.14693222045898435
0.07802925109863279
0.16409835815429685
0.20081481933593748
0.29522857666015623
0.29689750671386717
0.08637390136718748
0.14001808166503904
0.2840229034423828
0.33337554931640623
0.0963874816894531
0.18317184448242185
0.2744861602783203
0.1364418029785156
0.21368942260742185
0.11283836364746092

