0.10759315490722654
0.1447864532470703
0.2604194641113281
0.27210197448730467
0.24826011657714842
0.17983398437499998
0.08995018005371092
0.07111511230468748
0.1810260772705078
0.22155723571777342
0.36508522033691404
0.21225891113281248
0.15122375488281248
0.08160552978515623
0.1371570587158203
0.2058216094970703
0.30285797119140623
0.30524215698242185
0.08708915710449217
0.14574012756347654
0.35602531433105467
0.34291229248046873
0.09901008605957029
0.18841705322265623
0.30261955261230467
0.11379203796386717
0.1974769592285156
0.11403045654296873

