0.10234794616699217
0.14264068603515623
0.25946578979492185
0.27210197448730467
0.24110755920410154
0.15670738220214842
0.08828124999999998
0.06610832214355467
0.18245658874511717
0.2229877471923828
0.3686614990234375
0.21106681823730467
0.15456161499023435
0.08089027404785154
0.1402565002441406
0.20653686523437498
0.30452690124511717
0.3069110870361328
0.08446655273437498
0.1466938018798828
0.2909370422363281
0.3431507110595703
0.10163269042968748
0.1905628204345703
0.3035732269287109
0.1257129669189453
0.2000995635986328
0.10926208496093748

