0.10282478332519529
0.14240226745605467
0.2623268127441406
0.2794929504394531
0.27043304443359373
0.15408477783203123
0.08446655273437498
0.06896934509277342
0.1905628204345703
0.22727928161621092
0.3572174072265625
0.21249732971191404
0.1593299865722656
0.09328804016113279
0.13191184997558592
0.21130523681640623
0.2999969482421875
0.30285797119140623
0.07969818115234373
0.14955482482910154
0.2928443908691406
0.33885917663574217
0.11140785217285154
0.1879402160644531
0.2718635559082031
0.11522254943847654
0.19580802917480467
0.11879882812499998

