0.10711631774902342
0.13882598876953123
0.27853927612304685
0.2694793701171875
0.24754486083984373
0.13191184997558592
0.0887580871582031
0.0620552062988281
0.20153007507324217
0.22370300292968748
0.35626373291015623
0.21130523681640623
0.14574012756347654
0.07898292541503904
0.12976608276367185
0.2020069122314453
0.3004737854003906
0.301904296875
0.0811286926269531
0.13501129150390623
0.2833076477050781
0.33528289794921873
0.09734115600585935
0.17983398437499998
0.27472457885742185
0.13238868713378904
0.2165504455566406
0.11259994506835935

