0.08756599426269529
0.13763389587402342
0.27353248596191404
0.26971778869628904
0.2420612335205078
0.14931640624999998
0.10616264343261717
0.06825408935546873
0.19866905212402342
0.22751770019531248
0.3622241973876953
0.21511993408203123
0.14621696472167967
0.07707557678222654
0.12833557128906248
0.20796737670898435
0.2921291351318359
0.29570541381835935
0.07945976257324217
0.13977966308593748
0.2787776947021484
0.33075294494628904
0.10187110900878904
0.19199333190917967
0.2768703460693359
0.13238868713378904
0.22346458435058592
0.11379203796386717

