0.09114227294921873
0.13286552429199217
0.3050037384033203
0.267572021484375
0.23705444335937498
0.15003166198730467
0.08208236694335935
0.06062469482421873
0.19700012207031248
0.2229877471923828
0.35817108154296873
0.20534477233886717
0.1409717559814453
0.07707557678222654
0.1295276641845703
0.20462951660156248
0.2940364837646484
0.29522857666015623
0.08017501831054685
0.1352497100830078
0.2771087646484375
0.33575973510742185
0.0982948303222656
0.17744979858398435
0.2725788116455078
0.1333423614501953
0.21750411987304685
0.10950050354003904

