0.08995018005371092
0.14001808166503904
0.30071220397949217
0.2623268127441406
0.24492225646972654
0.14430961608886717
0.0868507385253906
0.061339950561523415
0.20272216796874998
0.21631202697753904
0.359124755859375
0.20796737670898435
0.14907798767089842
0.07826766967773435
0.11665306091308592
0.20558319091796873
0.29904327392578123
0.2978511810302734
0.08398971557617185
0.1409717559814453
0.28545341491699217
0.3283687591552734
0.11069259643554685
0.18531761169433592
0.27472457885742185
0.13882598876953123
0.21821937561035154
0.11021575927734373

