0.09042701721191404
0.13763389587402342
0.30095062255859373
0.2661415100097656
0.24611434936523435
0.15074691772460935
0.09042701721191404
0.11450729370117185
0.18126449584960935
0.22179565429687498
0.35483322143554685
0.20486793518066404
0.14121017456054685
0.07183036804199217
0.13429603576660154
0.20486793518066404
0.29332122802734373
0.2997585296630859
0.08184394836425779
0.14001808166503904
0.28759918212890623
0.3305145263671875
0.09877166748046873
0.18174133300781248
0.2844997406005859
0.13429603576660154
0.2184577941894531
0.11259994506835935

