0.09042701721191404
0.13668022155761717
0.3038116455078125
0.26852569580078123
0.24468383789062498
0.14931640624999998
0.08351287841796873
0.06801567077636717
0.17363510131835935
0.21964988708496092
0.3519721984863281
0.2134510040283203
0.1497932434082031
0.07874450683593748
0.13238868713378904
0.21035156249999998
0.29689750671386717
0.2997585296630859
0.08398971557617185
0.14240226745605467
0.2871223449707031
0.33504447937011717
0.10067901611328123
0.1848407745361328
0.2775856018066406
0.1364418029785156
0.2210803985595703
0.10950050354003904

