0.09376487731933592
0.14192543029785154
0.29832801818847654
0.2635189056396484
0.2439685821533203
0.1505084991455078
0.09877166748046873
0.06372413635253904
0.17697296142578123
0.21583518981933592
0.35411796569824217
0.2134510040283203
0.1440711975097656
0.07993659973144529
0.12905082702636717
0.20153007507324217
0.30142745971679685
0.29713592529296873
0.07397613525390623
0.13763389587402342
0.2775856018066406
0.33504447937011717
0.10067901611328123
0.18579444885253904
0.2771087646484375
0.1352497100830078
0.22155723571777342
0.10711631774902342

