0.09233436584472654
0.14502487182617185
0.30643424987792967
0.27400932312011717
0.24611434936523435
0.15313110351562498
0.08351287841796873
0.06992301940917967
0.1791187286376953
0.22203407287597654
0.3569789886474609
0.21368942260742185
0.14740905761718748
0.0792213439941406
0.12833557128906248
0.2134510040283203
0.3023811340332031
0.29904327392578123
0.08613548278808592
0.13429603576660154
0.29141387939453123
0.33575973510742185
0.0982948303222656
0.18317184448242185
0.27424774169921873
0.12046775817871092
0.21440467834472654
0.1078315734863281

