0.09042701721191404
0.13405761718749998
0.3030963897705078
0.2635189056396484
0.2420612335205078
0.14931640624999998
0.08518180847167967
0.06157836914062498
0.1726814270019531
0.21988830566406248
0.3584095001220703
0.20796737670898435
0.15265426635742185
0.07826766967773435
0.13238868713378904
0.20367584228515623
0.31978569030761717
0.2985664367675781
0.08232078552246092
0.13381919860839842
0.2847381591796875
0.33313713073730467
0.07826766967773435
0.18650970458984373
0.28187713623046873
0.13620338439941404
0.2229877471923828
0.16433677673339842

