0.09948692321777342
0.14621696472167967
0.3221698760986328
0.31597099304199217
0.2711483001708984
0.15718421936035154
0.09662590026855467
0.09781799316406248
0.17387351989746092
0.23300132751464842
0.30214271545410154
0.19771537780761717
0.14955482482910154
0.13429603576660154
0.16838989257812498
0.3126331329345703
0.3023811340332031
0.33075294494628904
0.14740905761718748
0.28378448486328123
0.36436996459960935
0.5450912475585938
0.11808357238769529
0.15789947509765623
0.275201416015625
0.11689147949218748
0.1905628204345703
0.12404403686523435

