0.09948692321777342
0.14645538330078123
0.2999969482421875
0.32240829467773435
0.26280364990234373
0.15265426635742185
0.08542022705078123
0.09090385437011717
0.18078765869140623
0.23037872314453123
0.29427490234375
0.18627128601074217
0.15122375488281248
0.12285194396972654
0.15456161499023435
0.3183551788330078
0.29427490234375
0.3264614105224609
0.13811073303222654
0.3309913635253906
0.382012939453125
0.6662078857421876
0.11665306091308592
0.15074691772460935
0.26399574279785154
0.10163269042968748
0.18579444885253904
0.11069259643554685

