0.10377845764160154
0.14430961608886717
0.29499015808105467
0.3171630859375
0.2687641143798828
0.15861473083496092
0.08732757568359373
0.06300888061523435
0.17315826416015623
0.2279945373535156
0.2961822509765625
0.1886554718017578
0.14883956909179685
0.11522254943847654
0.16266784667968748
0.31096420288085935
0.2947517395019531
0.3271766662597656
0.11617622375488279
0.2840229034423828
0.3526874542236328
0.47118148803710935
0.10497055053710935
0.15146217346191404
0.26709518432617185
0.10354003906249998
0.1860328674316406
0.11212310791015623

