0.0982948303222656
0.14335594177246092
0.2909370422363281
0.30643424987792967
0.2909370422363281
0.1581378936767578
0.0925727844238281
0.06920776367187498
0.17625770568847654
0.22370300292968748
0.29379806518554685
0.1917549133300781
0.15098533630371092
0.11474571228027342
0.1555152893066406
0.30714950561523435
0.30142745971679685
0.3233619689941406
0.11808357238769529
0.27663192749023435
0.3531642913818359
0.4990764617919922
0.11188468933105467
0.15146217346191404
0.26661834716796873
0.10354003906249998
0.1905628204345703
0.11116943359374998

