0.09662590026855467
0.14621696472167967
0.29642066955566404
0.3114410400390625
0.2871223449707031
0.1524158477783203
0.09185752868652342
0.0658699035644531
0.1745887756347656
0.22465667724609373
0.2940364837646484
0.18889389038085935
0.14955482482910154
0.10926208496093748
0.15837631225585935
0.3069110870361328
0.2985664367675781
0.3226467132568359
0.1383491516113281
0.34791908264160154
0.40180168151855467
48.47628555297852
0.10950050354003904
0.15456161499023435
0.2694793701171875
0.10711631774902342
0.17816505432128904
0.10568580627441404

