0.09996376037597654
0.14383277893066404
0.28926811218261717
0.31358680725097654
0.28807601928710935
0.1486011505126953
0.09018859863281248
0.0677772521972656
0.17387351989746092
0.22727928161621092
0.29379806518554685
0.18960914611816404
0.15599212646484373
0.11569938659667967
0.15599212646484373
0.30786476135253904
0.29451332092285154
0.3297992706298828
0.1409717559814453
0.33313713073730467
0.37724456787109373
48.474378204345705
0.11188468933105467
0.15336952209472654
0.2692409515380859
0.10234794616699217
0.18650970458984373
0.11093101501464842

