0.09424171447753904
0.13739547729492185
0.2561279296875
0.27853927612304685
0.24444541931152342
0.17005882263183592
0.09233436584472654
0.06420097351074217
0.21225891113281248
0.21798095703124998
0.3531642913818359
0.21202049255371092
0.1428791046142578
0.07516822814941404
0.13691864013671873
0.20725212097167967
0.2961822509765625
0.3050037384033203
0.08327445983886717
0.14240226745605467
0.2844997406005859
0.33647499084472654
0.10497055053710935
0.18388710021972654
0.26900253295898435
0.11140785217285154
0.1974769592285156
0.11212310791015623

