0.10950050354003904
0.14240226745605467
0.28759918212890623
0.3054805755615234
0.28950653076171873
0.1466938018798828
0.08971176147460935
0.06467781066894529
0.1745887756347656
0.21488151550292967
0.28807601928710935
0.18341026306152342
0.15003166198730467
0.0792213439941406
0.15599212646484373
0.30405006408691404
0.29379806518554685
0.3207393646240234
0.13358078002929685
48.4734245300293
0.4008480072021484
48.451728439331056
0.10234794616699217
0.14574012756347654
0.2654262542724609
0.09948692321777342
0.18269500732421873
0.10044059753417967

