0.09304962158203123
0.1390644073486328
0.25302848815917967
0.26709518432617185
0.24253807067871092
0.14430961608886717
0.2477832794189453
0.06896934509277342
0.2051063537597656
0.21202049255371092
0.35173377990722654
0.22561035156249998
0.15384635925292967
0.07993659973144529
0.12785873413085935
0.20796737670898435
0.30071220397949217
0.29713592529296873
0.08136711120605467
0.13882598876953123
0.28807601928710935
0.33146820068359373
0.25326690673828123
0.17864189147949217
0.27591667175292967
0.13000450134277342
0.19390068054199217
0.10997734069824217

