0.10663948059082029
0.1390644073486328
0.28736076354980467
0.31096420288085935
0.29260597229003904
0.1524158477783203
0.10187110900878904
0.06753883361816404
0.17125091552734373
0.22084197998046873
0.30023536682128904
0.18650970458984373
0.1428791046142578
0.11569938659667967
0.16076049804687498
0.3131099700927734
0.2909370422363281
0.3245540618896484
0.13787231445312498
0.3240772247314453
0.38535079956054685
0.686711883544922
0.10282478332519529
0.1486011505126953
0.27019462585449217
0.10830841064453123
0.1784034729003906
0.10830841064453123

