0.10640106201171873
0.1345344543457031
0.28688392639160154
0.3112026214599609
0.2923675537109375
0.15217742919921873
0.3169246673583984
0.06277046203613279
0.1753040313720703
0.22847137451171873
0.29713592529296873
0.18817863464355467
0.14740905761718748
0.07755241394042967
0.15718421936035154
0.30071220397949217
0.2966590881347656
0.32193145751953123
0.13930282592773435
0.32431564331054685
0.3781982421875
0.6845661163330079
0.10878524780273435
0.14883956909179685
0.26900253295898435
0.0944801330566406
0.18507919311523435
0.10687789916992185

