0.0887580871582031
0.13668022155761717
0.28736076354980467
0.3035732269287109
0.28426132202148435
0.1543231964111328
0.08470497131347654
0.06443939208984373
0.17482719421386717
0.22346458435058592
0.29713592529296873
0.18627128601074217
0.15599212646484373
0.11331520080566404
0.15885314941406248
0.3359981536865234
0.2928443908691406
0.32121620178222654
0.13501129150390623
0.2954669952392578
0.37772140502929685
0.6795593261718751
0.10473213195800779
0.14955482482910154
0.2699562072753906
0.09924850463867185
0.18197975158691404
0.10544738769531248

