0.09495697021484373
0.14121017456054685
0.2844997406005859
0.3023811340332031
0.29332122802734373
0.15074691772460935
0.08923492431640623
0.06753883361816404
0.16910514831542967
0.2268024444580078
0.29379806518554685
0.18746337890624998
0.14430961608886717
0.11283836364746092
0.1581378936767578
0.3381439208984375
0.29570541381835935
0.328607177734375
0.13787231445312498
0.298089599609375
0.37891349792480467
0.6857582092285157
0.10425529479980467
0.1486011505126953
0.2687641143798828
0.10044059753417967
0.1791187286376953
0.11188468933105467

