0.0906654357910156
0.13596496582031248
0.28998336791992185
0.30524215698242185
0.2890296936035156
0.1505084991455078
0.08255920410156248
0.0639625549316406
0.1733966827392578
0.22465667724609373
0.31787834167480467
0.18364868164062498
0.14883956909179685
0.11236152648925779
0.15408477783203123
0.33838233947753904
0.2973743438720703
0.32503089904785154
0.14335594177246092
0.29952011108398435
0.3836818695068359
0.6817050933837892
0.11450729370117185
0.15384635925292967
0.2692409515380859
0.10234794616699217
0.17768821716308592
0.11259994506835935

