0.09185752868652342
0.14001808166503904
0.29141387939453123
0.30595741271972654
0.3100105285644531
0.15122375488281248
0.08851966857910154
0.06491622924804685
0.17172775268554685
0.2165504455566406
0.32050094604492185
0.1860328674316406
0.14931640624999998
0.12237510681152342
0.16242942810058592
0.3405281066894531
0.2954669952392578
0.32383880615234373
0.14264068603515623
0.29880485534667967
0.37962875366210935
0.686711883544922
0.1314350128173828
0.14693222045898435
0.26661834716796873
0.10354003906249998
0.17935714721679685
0.10950050354003904

