0.09757957458496092
0.13501129150390623
0.25565109252929685
0.2687641143798828
0.24086914062499998
0.14717063903808592
0.08899650573730467
0.06420097351074217
0.2039142608642578
0.21893463134765623
0.35745582580566404
0.2077289581298828
0.1486011505126953
0.07898292541503904
0.12809715270996092
0.20915946960449217
0.29570541381835935
0.29451332092285154
0.08542022705078123
0.14621696472167967
0.28235397338867185
0.33575973510742185
0.09757957458496092
0.1791187286376953
0.2783008575439453
0.1383491516113281
0.20105323791503904
0.10997734069824217

