0.09734115600585935
0.1352497100830078
0.2783008575439453
0.26590309143066404
0.23872337341308592
0.15098533630371092
0.07874450683593748
0.0582405090332031
0.20176849365234373
0.2184577941894531
0.3259845733642578
0.20868263244628904
0.14073333740234373
0.07445297241210935
0.12857398986816404
0.2012916564941406
0.29832801818847654
0.301904296875
0.09352645874023435
0.14240226745605467
0.2806850433349609
0.32932243347167967
0.1059242248535156
0.18245658874511717
0.2718635559082031
0.14001808166503904
0.19080123901367185
0.11140785217285154

