0.0963874816894531
0.14430961608886717
0.27424774169921873
0.26018104553222654
0.24039230346679685
0.14693222045898435
0.08065185546874998
0.06277046203613279
0.20415267944335935
0.21869621276855467
0.3519721984863281
0.2051063537597656
0.14383277893066404
0.07612190246582029
0.12928924560546873
0.2012916564941406
0.29832801818847654
0.2935596466064453
0.08017501831054685
0.14144859313964842
0.27782402038574217
0.33575973510742185
0.09781799316406248
0.18341026306152342
0.2680488586425781
0.13691864013671873
0.18889389038085935
0.1097389221191406

