0.09805641174316404
0.1402565002441406
0.2852149963378906
0.2656646728515625
0.2413459777832031
0.14526329040527342
0.10711631774902342
0.06157836914062498
0.19723854064941404
0.21798095703124998
0.3305145263671875
0.20534477233886717
0.14883956909179685
0.07588348388671873
0.1269050598144531
0.20272216796874998
0.29141387939453123
0.3004737854003906
0.0773139953613281
0.13930282592773435
0.27782402038574217
0.33456764221191404
0.09972534179687498
0.18007240295410154
0.2737709045410156
0.13501129150390623
0.19676170349121092
0.11403045654296873

