0.1192756652832031
0.2585121154785156
0.33575973510742185
0.34100494384765623
0.24468383789062498
0.2489753723144531
0.09161911010742185
0.12905082702636717
0.2260871887207031
0.24182281494140623
0.28879127502441404
0.2711483001708984
0.2470680236816406
0.1307197570800781
0.14812431335449217
0.18460235595703123
0.24492225646972654
0.4027553558349609
0.15098533630371092
0.16791305541992185
0.31048736572265623
0.4106231689453125
0.10902366638183592
0.21225891113281248
0.3565021514892578
0.12380561828613279
0.21106681823730467
0.17744979858398435

