0.11832199096679685
0.28187713623046873
0.33146820068359373
0.34148178100585935
0.23848495483398435
0.15980682373046873
0.08279762268066404
0.12285194396972654
0.19914588928222654
0.20558319091796873
0.2580352783203125
0.27210197448730467
0.24945220947265623
0.12428245544433592
0.14335594177246092
0.18245658874511717
0.23419342041015623
0.3913112640380859
0.14693222045898435
0.15646896362304685
0.30667266845703123
0.3722377777099609
0.10354003906249998
0.18150291442871092
0.31930885314941404
0.1173683166503906
0.20534477233886717
0.16910514831542967

