0.1211830139160156
0.27973136901855467
0.3374286651611328
0.34028968811035154
0.23800811767578123
0.1638599395751953
0.08780441284179685
0.12428245544433592
0.20153007507324217
0.20725212097167967
0.25374374389648435
0.2706714630126953
0.2413459777832031
0.13048133850097654
0.14454803466796873
0.18317184448242185
0.22942504882812498
0.38153610229492185
0.1505084991455078
0.15456161499023435
0.3004737854003906
0.37152252197265623
0.09924850463867185
0.1841255187988281
0.3283687591552734
0.1135536193847656
0.18460235595703123
0.16982040405273435

