0.12237510681152342
0.25302848815917967
0.3188320159912109
0.3469654083251953
0.2501674652099609
0.25445899963378904
0.08398971557617185
0.1269050598144531
0.22894821166992185
0.21178207397460935
0.27996978759765623
0.27353248596191404
0.25064430236816404
0.12785873413085935
0.1466938018798828
0.17291984558105467
0.21988830566406248
0.38797340393066404
0.14192543029785154
0.15122375488281248
0.29952011108398435
0.39679489135742185
0.10258636474609373
0.19866905212402342
0.38105926513671873
0.14383277893066404
0.2031990051269531
0.18150291442871092

