0.12332878112792967
0.28569183349609373
0.35984001159667967
0.35435638427734373
0.2375312805175781
0.16838989257812498
0.08160552978515623
0.13024291992187498
0.23300132751464842
0.2089210510253906
0.2814002990722656
0.27925453186035154
0.24873695373535154
0.12833557128906248
0.14430961608886717
0.17864189147949217
0.23204765319824217
0.39107284545898435
0.14621696472167967
0.16052207946777342
0.31239471435546873
0.39441070556640623
0.10544738769531248
0.20486793518066404
0.35626373291015623
0.11879882812499998
0.20629844665527342
0.17625770568847654

