0.12213668823242185
0.2821155548095703
0.3336139678955078
0.3457733154296875
0.24253807067871092
0.16910514831542967
0.0868507385253906
0.12523612976074217
0.20033798217773435
0.20987472534179685
0.2542205810546875
0.27138671875
0.24563751220703123
0.13095817565917967
0.1478858947753906
0.17959556579589842
0.23085556030273435
0.39345703125
0.1459785461425781
0.15575370788574217
0.3073879241943359
0.37533721923828123
0.1040168762207031
0.17768821716308592
0.30476531982421873
0.11617622375488279
0.20415267944335935
0.17411193847656248

