0.12046775817871092
0.2806850433349609
0.3328987121582031
0.34410438537597654
0.2515979766845703
0.16648254394531248
0.08422813415527342
0.1211830139160156
0.20081481933593748
0.21011314392089842
0.27925453186035154
0.2718635559082031
0.24420700073242185
0.12380561828613279
0.13954124450683592
0.17959556579589842
0.22656402587890623
0.39560279846191404
0.14955482482910154
0.16076049804687498
0.3050037384033203
0.36580047607421873
0.09519538879394529
0.1829334259033203
0.3221698760986328
0.1154609680175781
0.19723854064941404
0.16529045104980467

