0.11975250244140623
0.2539821624755859
0.33909759521484373
0.343865966796875
0.23896179199218748
0.24563751220703123
0.08995018005371092
0.12785873413085935
0.22465667724609373
0.23872337341308592
0.2814002990722656
0.26709518432617185
0.24826011657714842
0.13405761718749998
0.2020069122314453
0.18341026306152342
0.2306171417236328
0.3908344268798828
0.15336952209472654
0.16600570678710935
0.313348388671875
0.41276893615722654
0.09161911010742185
0.20224533081054685
0.3660388946533203
0.11140785217285154
0.19080123901367185
0.16862831115722654

