0.1288124084472656
0.2573200225830078
0.33528289794921873
0.3379055023193359
0.23681602478027342
0.25326690673828123
0.08947334289550779
0.1314350128173828
0.23157081604003904
0.24063072204589842
0.2809234619140625
0.27782402038574217
0.2535053253173828
0.12022933959960935
0.1447864532470703
0.1791187286376953
0.2306171417236328
0.3927417755126953
0.15336952209472654
0.16457519531249998
0.31096420288085935
0.40585479736328123
0.10091743469238279
0.19676170349121092
0.35864791870117185
0.1230903625488281
0.20558319091796873
0.17792663574218748

