0.1192756652832031
0.28187713623046873
0.33146820068359373
0.33909759521484373
0.2401538848876953
0.1943775177001953
0.08184394836425779
0.12475929260253904
0.19986114501953123
0.20868263244628904
0.2794929504394531
0.2699562072753906
0.24802169799804685
0.13095817565917967
0.14264068603515623
0.17935714721679685
0.23037872314453123
0.39560279846191404
0.14812431335449217
0.15837631225585935
0.3145404815673828
0.37724456787109373
0.10854682922363279
0.17959556579589842
0.33075294494628904
0.11593780517578123
0.2089210510253906
0.17625770568847654

