0.1173683166503906
0.2833076477050781
0.3328987121582031
0.33719024658203123
0.24539909362792967
0.15861473083496092
0.08804283142089842
0.12475929260253904
0.1962848663330078
0.20534477233886717
0.2756782531738281
0.26971778869628904
0.24373016357421873
0.12857398986816404
0.1383491516113281
0.1829334259033203
0.22918663024902342
0.38916549682617185
0.15122375488281248
0.16171417236328123
0.3138252258300781
0.37652931213378904
0.09877166748046873
0.18054924011230467
0.3266998291015625
0.1192756652832031
0.20915946960449217
0.17435035705566404

