0.07421455383300779
0.2539821624755859
0.34148178100585935
0.3305145263671875
0.23848495483398435
0.2432533264160156
0.07707557678222654
0.12070617675781248
0.2172657012939453
0.22775611877441404
0.2825923919677734
0.27615509033203123
0.24468383789062498
0.12905082702636717
0.14526329040527342
0.1898475646972656
0.23395500183105467
0.38725814819335935
0.1517005920410156
0.16648254394531248
0.31597099304199217
0.40251693725585935
0.10497055053710935
0.20439109802246092
0.3526874542236328
0.1211830139160156
0.2096363067626953
0.17482719421386717

