0.12738189697265623
0.28378448486328123
0.33766708374023435
0.3455348968505859
0.24039230346679685
0.1733966827392578
0.08613548278808592
0.1276203155517578
0.20248374938964842
0.21678886413574217
0.2604194641113281
0.27090988159179685
0.2470680236816406
0.1333423614501953
0.1524158477783203
0.1848407745361328
0.22823295593261717
0.3698535919189453
0.1555152893066406
0.17101249694824217
0.3183551788330078
0.3798671722412109
0.10640106201171873
0.18817863464355467
0.30905685424804685
0.1249977111816406
0.18627128601074217
0.17625770568847654

