0.0715919494628906
0.2642341613769531
0.3386207580566406
0.3576942443847656
0.24110755920410154
0.25565109252929685
0.08375129699707029
0.12714347839355467
0.22584877014160154
0.2413459777832031
0.2814002990722656
0.27543983459472654
0.23991546630859373
0.11903724670410154
0.14001808166503904
0.17363510131835935
0.22727928161621092
0.3946491241455078
0.1517005920410156
0.1631446838378906
0.31549415588378904
0.4003711700439453
0.09924850463867185
0.20629844665527342
0.35745582580566404
0.11593780517578123
0.20606002807617185
0.17244300842285154

