0.11450729370117185
0.27281723022460935
0.328607177734375
0.34219703674316404
0.24373016357421873
0.22823295593261717
0.08661231994628904
0.11903724670410154
0.2260871887207031
0.20844421386718748
0.27901611328125
0.26471099853515623
0.2470680236816406
0.12356719970703123
0.14740905761718748
0.1867481231689453
0.2287097930908203
0.38916549682617185
0.1478858947753906
0.16242942810058592
0.3073879241943359
0.3901191711425781
0.09901008605957029
0.20606002807617185
0.35554847717285154
0.10067901611328123
0.20439109802246092
0.17744979858398435

