0.1154609680175781
0.28163871765136717
0.336236572265625
0.34839591979980467
0.24826011657714842
0.16862831115722654
0.08947334289550779
0.13119659423828123
0.20915946960449217
0.21178207397460935
0.2580352783203125
0.27663192749023435
0.24682960510253904
0.1352497100830078
0.15098533630371092
0.18746337890624998
0.2337165832519531
0.4003711700439453
0.15694580078124998
0.16457519531249998
0.3112026214599609
0.3703304290771484
0.1097389221191406
0.18531761169433592
0.30977210998535154
0.11999092102050779
0.18317184448242185
0.18555603027343748

