0.12213668823242185
0.25898895263671873
0.34005126953125
0.3431507110595703
0.2451606750488281
0.2496906280517578
0.08899650573730467
0.12618980407714842
0.22942504882812498
0.23586235046386717
0.3584095001220703
0.28950653076171873
0.24682960510253904
0.13119659423828123
0.14526329040527342
0.18579444885253904
0.2337165832519531
0.3874965667724609
0.15766105651855467
0.16362152099609373
0.3169246673583984
0.41849098205566404
0.10830841064453123
0.20677528381347654
0.3855892181396484
0.1192756652832031
0.1955696105957031
0.1638599395751953

