0.11951408386230467
0.28044662475585935
0.3317066192626953
0.3419586181640625
0.24039230346679685
0.16242942810058592
0.08184394836425779
0.12165985107421873
0.19795379638671873
0.20725212097167967
0.2749629974365234
0.2694793701171875
0.24444541931152342
0.12428245544433592
0.14240226745605467
0.17578086853027342
0.2279945373535156
0.3870197296142578
0.15098533630371092
0.1600452423095703
0.30476531982421873
0.3984638214111328
0.10711631774902342
0.20296058654785154
0.3507801055908203
0.11212310791015623
0.20415267944335935
0.1764961242675781

