0.1345344543457031
0.2012916564941406
0.4709430694580078
0.38296661376953123
0.3417201995849609
0.1707740783691406
0.12285194396972654
0.07802925109863279
0.15146217346191404
0.25135955810546873
0.34839591979980467
0.30095062255859373
0.16934356689453123
0.10354003906249998
0.18770179748535154
0.28879127502441404
0.32765350341796873
0.21511993408203123
0.07063827514648435
0.18078765869140623
0.25684318542480467
0.290460205078125
0.11832199096679685
0.1879402160644531
0.18388710021972654
0.10926208496093748
0.14883956909179685
0.10044059753417967

