0.07850608825683592
0.16934356689453123
0.2916522979736328
0.3565021514892578
0.20105323791503904
0.14883956909179685
0.09543380737304685
0.0849433898925781
0.1943775177001953
0.2611347198486328
0.2864070892333984
0.3035732269287109
0.15193901062011717
0.08279762268066404
0.19151649475097654
0.2363391876220703
0.33313713073730467
0.21821937561035154
0.1657672882080078
0.17578086853027342
0.30714950561523435
0.35626373291015623
0.08041343688964842
0.19294700622558592
0.2260871887207031
0.13763389587402342
0.18126449584960935
0.12356719970703123

