0.1390644073486328
0.17482719421386717
0.4640289306640625
0.3793903350830078
0.3424354553222656
0.17101249694824217
0.11712989807128904
0.07016143798828123
0.15027008056640623
0.24063072204589842
0.34911117553710935
0.2999969482421875
0.16648254394531248
0.07707557678222654
0.18937072753906248
0.2847381591796875
0.33122978210449217
0.19270858764648435
0.07111511230468748
0.17959556579589842
0.2635189056396484
0.2923675537109375
0.11712989807128904
0.1879402160644531
0.18627128601074217
0.10616264343261717
0.14621696472167967
0.09686431884765623

