0.13811073303222654
0.17005882263183592
0.46045265197753904
0.3817745208740234
0.3760524749755859
0.16433677673339842
0.0792213439941406
0.05680999755859373
0.14073333740234373
0.2318092346191406
0.336236572265625
0.29332122802734373
0.1612373352050781
0.07254562377929685
0.17387351989746092
0.27353248596191404
0.3245540618896484
0.17768821716308592
0.05967102050781248
0.16457519531249998
0.25255165100097654
0.2844997406005859
0.10091743469238279
0.17554244995117185
0.1753040313720703
0.09686431884765623
0.1333423614501953
0.08732757568359373

