0.13811073303222654
0.17816505432128904
0.43875656127929685
0.3798671722412109
0.35030326843261717
0.17196617126464842
0.11808357238769529
0.06658515930175779
0.1543231964111328
0.24086914062499998
0.3474422454833984
0.3038116455078125
0.16242942810058592
0.07659873962402342
0.18436393737792967
0.2859302520751953
0.31978569030761717
0.1943775177001953
0.07111511230468748
0.19866905212402342
0.27234039306640623
0.3035732269287109
0.11212310791015623
0.19080123901367185
0.1810260772705078
0.11045417785644529
0.14550170898437498
0.11021575927734373

