0.13429603576660154
0.17506561279296873
0.43756446838378904
0.3760524749755859
0.34481964111328123
0.17363510131835935
0.09304962158203123
0.06658515930175779
0.15384635925292967
0.2420612335205078
0.3545948028564453
0.2997585296630859
0.1676746368408203
0.07612190246582029
0.1867481231689453
0.282830810546875
0.32932243347167967
0.18341026306152342
0.07135353088378904
0.17864189147949217
0.2592273712158203
0.2959438323974609
0.11951408386230467
0.18650970458984373
0.1860328674316406
0.0925727844238281
0.14764747619628904
0.09710273742675779

