0.13668022155761717
0.17387351989746092
0.43994865417480467
0.37390670776367185
0.34148178100585935
0.18007240295410154
0.09471855163574217
0.07039985656738279
0.15456161499023435
0.2840229034423828
0.33838233947753904
0.2973743438720703
0.1650520324707031
0.07945976257324217
0.19032440185546873
0.28354606628417967
0.3252693176269531
0.1898475646972656
0.07469139099121092
0.17315826416015623
0.2611347198486328
0.2966590881347656
0.1173683166503906
0.16624412536621092
0.18388710021972654
0.10759315490722654
0.14359436035156248
0.09018859863281248

