0.13930282592773435
0.1726814270019531
0.4409023284912109
0.3793903350830078
0.34291229248046873
0.17101249694824217
0.11760673522949217
0.06610832214355467
0.15599212646484373
0.2458759307861328
0.3233619689941406
0.2999969482421875
0.17959556579589842
0.07063827514648435
0.18054924011230467
0.27400932312011717
0.3171630859375
0.1764961242675781
0.05609474182128904
0.16457519531249998
0.2477832794189453
0.28187713623046873
0.09996376037597654
0.15193901062011717
0.17673454284667967
0.0982948303222656
0.13429603576660154
0.08637390136718748

