0.12976608276367185
0.17697296142578123
0.4327960968017578
0.3774829864501953
0.33885917663574217
0.16600570678710935
0.09352645874023435
0.06920776367187498
0.1543231964111328
0.25112113952636717
0.3455348968505859
0.29832801818847654
0.17506561279296873
0.08160552978515623
0.18770179748535154
0.2866455078125
0.32693824768066404
0.19223175048828123
0.07206878662109373
0.1764961242675781
0.2573200225830078
0.2954669952392578
0.11426887512207029
0.1745887756347656
0.18746337890624998
0.10616264343261717
0.14907798767089842
0.0944801330566406

