0.13048133850097654
0.17697296142578123
0.43565711975097654
0.37724456787109373
0.35030326843261717
0.1688667297363281
0.09161911010742185
0.07326087951660154
0.15289268493652342
0.2439685821533203
0.3183551788330078
0.3023811340332031
0.16648254394531248
0.08136711120605467
0.18913230895996092
0.2806850433349609
0.3297992706298828
0.19080123901367185
0.0792213439941406
0.18746337890624998
0.25898895263671873
0.29880485534667967
0.11808357238769529
0.17983398437499998
0.1879402160644531
0.10950050354003904
0.1409717559814453
0.09328804016113279

