0.1428791046142578
0.1764961242675781
0.42850456237792967
0.3417201995849609
0.33313713073730467
0.16982040405273435
0.0734992980957031
0.05919418334960935
0.1371570587158203
0.2306171417236328
0.3138252258300781
0.2890296936035156
0.1612373352050781
0.07469139099121092
0.17983398437499998
0.2768703460693359
0.3138252258300781
0.18245658874511717
0.0582405090332031
0.1669593811035156
0.24826011657714842
0.28807601928710935
0.1040168762207031
0.15384635925292967
0.17601928710937498
0.09996376037597654
0.13572654724121092
0.08255920410156248

