0.13215026855468748
0.16624412536621092
0.43041191101074217
0.3729530334472656
0.3393360137939453
0.17053565979003904
0.08613548278808592
0.0639625549316406
0.15193901062011717
0.23920021057128904
0.32383880615234373
0.2978511810302734
0.16648254394531248
0.07230720520019529
0.18364868164062498
0.2794929504394531
0.3305145263671875
0.1879402160644531
0.07111511230468748
0.17578086853027342
0.2566047668457031
0.29069862365722654
0.11522254943847654
0.16028366088867185
0.17792663574218748
0.10616264343261717
0.1390644073486328
0.09543380737304685

