0.13930282592773435
0.1745887756347656
0.4397102355957031
0.38415870666503904
0.3476806640625
0.18054924011230467
0.08804283142089842
0.06348571777343748
0.16290626525878904
0.24682960510253904
0.3259845733642578
0.30142745971679685
0.17768821716308592
0.08351287841796873
0.1917549133300781
0.2878376007080078
0.33385238647460935
0.19413909912109373
0.0696846008300781
0.17983398437499998
0.26208839416503904
0.2985664367675781
0.11093101501464842
0.16743621826171873
0.18245658874511717
0.10711631774902342
0.14717063903808592
0.09686431884765623

