0.13167343139648435
0.17768821716308592
0.4389949798583984
0.3801055908203125
0.34410438537597654
0.16982040405273435
0.09424171447753904
0.07135353088378904
0.15265426635742185
0.24158439636230467
0.3214546203613281
0.29451332092285154
0.16815147399902342
0.08017501831054685
0.19127807617187498
0.28426132202148435
0.3305145263671875
0.19032440185546873
0.07111511230468748
0.18150291442871092
0.2554126739501953
0.2997585296630859
0.1173683166503906
0.16457519531249998
0.1898475646972656
0.10497055053710935
0.14144859313964842
0.09471855163574217

