0.13548812866210935
0.17697296142578123
0.43112716674804685
0.35411796569824217
0.3398128509521484
0.1695819854736328
0.0944801330566406
0.06849250793457029
0.15146217346191404
0.2420612335205078
0.32360038757324217
0.29952011108398435
500.73153457641604
0.0792213439941406
0.18269500732421873
0.2954669952392578
0.32765350341796873
0.1981922149658203
0.06730041503906248
0.17673454284667967
0.25445899963378904
0.29952011108398435
0.11236152648925779
0.1600452423095703
0.1829334259033203
0.10806999206542967
0.14740905761718748
0.09352645874023435

