0.13811073303222654
0.17983398437499998
0.43255767822265623
0.35793266296386717
0.3405281066894531
0.1707740783691406
0.08470497131347654
0.05967102050781248
0.1478858947753906
0.24468383789062498
0.32002410888671873
0.301904296875
0.1688667297363281
0.08327445983886717
0.18531761169433592
0.2840229034423828
0.3336139678955078
0.1886554718017578
0.07230720520019529
0.1726814270019531
0.25755844116210935
0.2954669952392578
0.11760673522949217
0.16338310241699217
0.19866905212402342
0.10354003906249998
0.14574012756347654
0.14359436035156248

