0.07898292541503904
0.16648254394531248
0.2916522979736328
0.3588863372802734
0.19294700622558592
0.1478858947753906
0.09805641174316404
0.06706199645996092
0.22346458435058592
0.2520748138427734
0.2787776947021484
0.30285797119140623
0.15718421936035154
0.06372413635253904
0.18841705322265623
0.23657760620117185
0.3832050323486328
0.2165504455566406
0.15193901062011717
0.18197975158691404
0.30905685424804685
0.3565021514892578
0.06920776367187498
0.1905628204345703
0.21488151550292967
0.1390644073486328
0.18150291442871092
0.12142143249511717

