0.13381919860839842
0.1745887756347656
0.4332729339599609
0.351495361328125
0.3424354553222656
0.1879402160644531
0.08661231994628904
0.06753883361816404
0.14907798767089842
0.24229965209960935
0.3221698760986328
0.3050037384033203
0.16529045104980467
0.07326087951660154
0.17935714721679685
0.32240829467773435
0.3297992706298828
0.18698654174804685
0.06515464782714842
0.18126449584960935
0.25708160400390623
0.29880485534667967
0.11140785217285154
0.15766105651855467
0.18388710021972654
0.11045417785644529
0.14526329040527342
0.08899650573730467

