0.13620338439941404
0.17482719421386717
0.43112716674804685
0.37772140502929685
0.3417201995849609
0.17673454284667967
0.09161911010742185
0.0639625549316406
0.15336952209472654
0.24611434936523435
0.32431564331054685
0.3035732269287109
0.16743621826171873
0.07755241394042967
0.18579444885253904
0.2814002990722656
0.3297992706298828
0.19199333190917967
0.06920776367187498
0.17578086853027342
0.26137313842773435
0.2737709045410156
0.11856040954589842
0.16290626525878904
0.18722496032714842
0.10806999206542967
0.1459785461425781
0.09567222595214842

