0.13095817565917967
0.18126449584960935
0.43875656127929685
0.3557868957519531
0.3450580596923828
0.17888031005859373
0.09233436584472654
0.07063827514648435
0.15694580078124998
0.2413459777832031
0.3228851318359375
0.29832801818847654
0.16362152099609373
0.07755241394042967
0.18913230895996092
0.2871223449707031
0.3340908050537109
0.20081481933593748
0.07016143798828123
0.1791187286376953
0.25827369689941404
0.29427490234375
0.11307678222656248
0.16600570678710935
0.18078765869140623
0.10616264343261717
0.14717063903808592
0.09090385437011717

