0.1314350128173828
0.18007240295410154
0.4366107940673828
0.35030326843261717
0.3393360137939453
0.17816505432128904
0.09328804016113279
0.06682357788085935
0.15575370788574217
0.24420700073242185
0.3195472717285156
0.30142745971679685
0.16982040405273435
0.07588348388671873
0.18341026306152342
0.28736076354980467
0.3305145263671875
0.1924701690673828
0.07254562377929685
0.17673454284667967
0.2527900695800781
0.29499015808105467
0.1135536193847656
0.1669593811035156
0.1841255187988281
0.10854682922363279
0.14574012756347654
0.09567222595214842

