0.1364418029785156
0.17196617126464842
0.4347034454345703
0.3531642913818359
0.33957443237304685
0.17435035705566404
0.08971176147460935
0.10377845764160154
0.1486011505126953
0.24730644226074217
0.3233619689941406
0.2999969482421875
0.1669593811035156
0.07659873962402342
0.19103965759277342
0.30834159851074217
0.32622299194335935
0.18889389038085935
0.06706199645996092
0.1733966827392578
0.25708160400390623
0.2923675537109375
0.11641464233398435
0.15956840515136717
0.18531761169433592
0.10663948059082029
0.14693222045898435
0.09328804016113279

