0.13787231445312498
0.17506561279296873
0.4492469787597656
0.3436275482177734
0.3436275482177734
0.16552886962890623
0.07945976257324217
0.05013427734374998
0.1383491516113281
0.23610076904296873
0.3145404815673828
0.28354606628417967
0.16219100952148435
0.07492980957031248
0.18317184448242185
0.2763935089111328
0.32240829467773435
0.18364868164062498
0.06372413635253904
0.1688667297363281
0.2477832794189453
0.28569183349609373
0.09805641174316404
0.11832199096679685
0.1867481231689453
0.10902366638183592
0.14240226745605467
0.09734115600585935

