0.13787231445312498
0.17029724121093748
0.4327960968017578
0.34863433837890623
0.34219703674316404
0.17554244995117185
0.09018859863281248
0.08899650573730467
0.15003166198730467
0.24229965209960935
0.32121620178222654
0.2954669952392578
0.16910514831542967
0.07612190246582029
0.1829334259033203
0.28545341491699217
0.3336139678955078
0.19270858764648435
0.06658515930175779
0.17315826416015623
0.26208839416503904
0.2959438323974609
0.11283836364746092
0.1612373352050781
0.18078765869140623
0.1059242248535156
0.14049491882324217
0.09138069152832029

