0.13811073303222654
0.1733966827392578
0.44376335144042967
0.3481575012207031
0.34028968811035154
0.1688667297363281
0.08804283142089842
0.06253204345703123
0.15122375488281248
0.24635276794433592
0.30905685424804685
0.298089599609375
0.16743621826171873
0.08446655273437498
0.18889389038085935
0.28807601928710935
0.3309913635253906
0.19413909912109373
0.07183036804199217
0.17744979858398435
0.259942626953125
0.298089599609375
0.11450729370117185
0.2012916564941406
0.18507919311523435
0.10950050354003904
0.14574012756347654
0.09352645874023435

