0.13358078002929685
0.17482719421386717
0.4339881896972656
0.35483322143554685
0.31549415588378904
0.17101249694824217
0.08828124999999998
0.07016143798828123
0.15456161499023435
0.24420700073242185
0.32002410888671873
0.30524215698242185
0.1714893341064453
0.07397613525390623
0.18460235595703123
0.28545341491699217
0.32574615478515623
0.18531761169433592
0.0639625549316406
0.16838989257812498
0.2542205810546875
0.2940364837646484
0.11426887512207029
0.16600570678710935
0.18627128601074217
0.10640106201171873
0.14574012756347654
0.0906654357910156

