0.1421638488769531
0.17053565979003904
0.4351802825927734
0.34529647827148435
0.3474422454833984
0.1733966827392578
0.08971176147460935
0.06515464782714842
0.14645538330078123
0.2401538848876953
0.3169246673583984
0.29713592529296873
0.1764961242675781
0.07230720520019529
0.17220458984374998
0.29427490234375
0.3145404815673828
0.1803108215332031
0.05776367187499998
0.1650520324707031
0.24730644226074217
0.2802082061767578
0.10759315490722654
0.1555152893066406
0.17101249694824217
0.10091743469238279
0.13477287292480467
0.08637390136718748

