0.1352497100830078
0.1726814270019531
0.4656978607177734
0.3545948028564453
0.33075294494628904
0.16290626525878904
0.07469139099121092
0.051803207397460915
0.14168701171874998
0.2325244903564453
0.3114410400390625
0.28497657775878904
0.15885314941406248
0.06420097351074217
0.17387351989746092
0.27090988159179685
0.31549415588378904
0.1841255187988281
0.05490264892578123
0.16743621826171873
0.2489753723144531
0.28426132202148435
0.09924850463867185
0.1543231964111328
0.1733966827392578
0.09996376037597654
0.13572654724121092
0.08899650573730467

