0.13572654724121092
0.17387351989746092
0.43756446838378904
0.34529647827148435
0.33909759521484373
0.17244300842285154
0.09352645874023435
0.06348571777343748
0.15003166198730467
0.23967704772949217
0.3207393646240234
0.30261955261230467
0.16672096252441404
0.07397613525390623
0.18388710021972654
0.2847381591796875
0.328607177734375
0.19390068054199217
0.06539306640624998
0.17125091552734373
0.25708160400390623
0.275201416015625
0.10902366638183592
0.15861473083496092
0.1784034729003906
0.10663948059082029
0.14359436035156248
0.08971176147460935

