0.13691864013671873
0.1707740783691406
0.43231925964355467
0.35221061706542967
0.33838233947753904
0.1764961242675781
0.09114227294921873
0.06539306640624998
0.17172775268554685
0.23729286193847654
0.3138252258300781
0.2947517395019531
0.1657672882080078
0.07969818115234373
0.18150291442871092
0.27782402038574217
0.3283687591552734
0.19151649475097654
0.06300888061523435
0.1695819854736328
0.259942626953125
0.2916522979736328
0.11450729370117185
0.16409835815429685
0.18054924011230467
0.10449371337890623
0.14168701171874998
0.09281120300292967

