0.13286552429199217
0.1791187286376953
0.4392333984375
0.351495361328125
0.3436275482177734
0.1733966827392578
0.08923492431640623
0.06634674072265623
0.15336952209472654
0.24730644226074217
0.31740150451660154
0.29260597229003904
0.16910514831542967
0.08613548278808592
0.18960914611816404
0.28187713623046873
0.3302761077880859
0.18698654174804685
0.0601478576660156
0.2077289581298828
0.2597042083740234
0.29952011108398435
0.10759315490722654
0.16529045104980467
0.18817863464355467
0.10759315490722654
0.14526329040527342
0.09424171447753904

