0.12642822265624998
0.17172775268554685
0.435418701171875
0.34601173400878904
0.34100494384765623
0.17435035705566404
0.0887580871582031
0.0658699035644531
0.14502487182617185
0.24492225646972654
0.3150173187255859
0.29451332092285154
0.17005882263183592
0.07659873962402342
0.1841255187988281
0.282830810546875
0.36818466186523435
0.18937072753906248
0.09352645874023435
0.1726814270019531
0.2535053253173828
0.29761276245117185
0.10806999206542967
0.16171417236328123
0.18126449584960935
0.1002021789550781
0.1352497100830078
0.0925727844238281

