0.13381919860839842
0.1695819854736328
0.43303451538085935
0.35554847717285154
0.34219703674316404
0.17005882263183592
0.08470497131347654
0.06706199645996092
0.15456161499023435
0.24086914062499998
0.3207393646240234
0.29952011108398435
0.16672096252441404
0.08136711120605467
0.18627128601074217
0.28569183349609373
0.32574615478515623
0.22727928161621092
0.07111511230468748
0.16910514831542967
0.25827369689941404
0.27543983459472654
0.11760673522949217
0.1612373352050781
0.1848407745361328
0.11021575927734373
0.1421638488769531
0.08613548278808592

