0.13238868713378904
0.17196617126464842
0.43303451538085935
0.3476806640625
0.3417201995849609
0.16719779968261717
0.09614906311035154
0.06849250793457029
0.15408477783203123
0.2432533264160156
0.34458122253417967
0.33122978210449217
0.16624412536621092
0.07183036804199217
0.18531761169433592
0.2806850433349609
0.32574615478515623
0.1898475646972656
0.07111511230468748
0.17506561279296873
0.25517425537109373
0.30476531982421873
0.11879882812499998
0.17244300842285154
0.1829334259033203
0.11522254943847654
0.1440711975097656
0.09424171447753904

