0.13191184997558592
0.1733966827392578
0.4389949798583984
0.3455348968505859
0.33885917663574217
0.17220458984374998
0.08732757568359373
0.06086311340332029
0.1555152893066406
0.2451606750488281
0.34100494384765623
0.2916522979736328
0.1676746368408203
0.07564506530761717
0.18913230895996092
0.2847381591796875
0.32312355041503904
0.18770179748535154
0.06324729919433592
0.16862831115722654
0.25493583679199217
0.2916522979736328
0.10806999206542967
0.15980682373046873
0.18650970458984373
0.11140785217285154
0.13930282592773435
0.09400329589843748

