0.13358078002929685
0.17220458984374998
0.4358955383300781
0.3557868957519531
0.3131099700927734
0.17554244995117185
0.0868507385253906
0.06610832214355467
0.15265426635742185
0.2394386291503906
0.3183551788330078
0.2947517395019531
0.1428791046142578
0.08017501831054685
0.19032440185546873
0.29117546081542967
0.32741508483886717
0.19270858764648435
0.07063827514648435
0.17411193847656248
0.2566047668457031
0.29689750671386717
0.11116943359374998
0.15837631225585935
0.18197975158691404
0.10497055053710935
0.14264068603515623
0.09328804016113279

