0.13286552429199217
0.17053565979003904
0.44710121154785154
0.34911117553710935
0.34410438537597654
0.1745887756347656
0.08470497131347654
0.06443939208984373
0.15217742919921873
0.2382465362548828
0.34982643127441404
0.2923675537109375
0.1714893341064453
0.08065185546874998
0.18269500732421873
0.2844997406005859
0.32693824768066404
0.19151649475097654
0.06896934509277342
0.17387351989746092
0.2546974182128906
0.2897449493408203
0.11522254943847654
0.16672096252441404
0.18817863464355467
0.10997734069824217
0.13930282592773435
0.09209594726562498

