0.17697296142578123
0.16910514831542967
0.4385181427001953
0.34863433837890623
0.34672698974609373
0.17435035705566404
0.08375129699707029
0.06467781066894529
0.15384635925292967
0.24682960510253904
0.32479248046875
0.30142745971679685
0.1669593811035156
0.07373771667480467
0.18889389038085935
0.28354606628417967
0.3264614105224609
0.18627128601074217
0.06706199645996092
0.17482719421386717
0.26137313842773435
0.298089599609375
0.10806999206542967
0.16982040405273435
0.1822181701660156
0.10759315490722654
0.14121017456054685
0.09233436584472654

