0.13024291992187498
0.17744979858398435
0.43494186401367185
0.3488727569580078
0.34338912963867185
0.16624412536621092
0.10497055053710935
0.06610832214355467
0.15289268493652342
0.2382465362548828
0.3476806640625
0.29522857666015623
0.1657672882080078
0.0811286926269531
500.7866092681885
0.2814002990722656
0.33313713073730467
0.18960914611816404
0.06920776367187498
0.17482719421386717
0.25875053405761717
0.29522857666015623
0.11021575927734373
0.1631446838378906
0.17983398437499998
0.11045417785644529
0.1409717559814453
0.08923492431640623

