0.08160552978515623
0.16457519531249998
0.28497657775878904
0.3507801055908203
0.1962848663330078
0.14621696472167967
0.09209594726562498
0.07016143798828123
0.18650970458984373
0.2520748138427734
0.28426132202148435
0.3016658782958984
0.14764747619628904
0.07516822814941404
0.2051063537597656
0.2401538848876953
0.3309913635253906
0.22394142150878904
0.16362152099609373
0.17744979858398435
0.3107257843017578
0.36317787170410154
0.06706199645996092
0.18937072753906248
0.19652328491210935
0.1409717559814453
0.17482719421386717
0.11379203796386717

