0.0944801330566406
0.1364418029785156
0.2527900695800781
0.27591667175292967
0.2458759307861328
0.15122375488281248
0.09209594726562498
0.06491622924804685
0.17959556579589842
0.2356239318847656
0.343865966796875
0.3264614105224609
0.19700012207031248
0.0944801330566406
0.15456161499023435
0.30714950561523435
0.31287155151367185
0.2248950958251953
0.07421455383300779
0.1898475646972656
0.2756782531738281
0.2783008575439453
0.12905082702636717
0.15718421936035154
0.18889389038085935
0.10878524780273435
0.17172775268554685
0.11212310791015623

