0.08851966857910154
0.15408477783203123
0.24754486083984373
0.28354606628417967
0.22370300292968748
0.14836273193359373
0.09495697021484373
0.07111511230468748
0.17864189147949217
0.23872337341308592
0.34148178100585935
0.32884559631347654
0.1993843078613281
0.09519538879394529
0.1581378936767578
0.3340908050537109
0.33766708374023435
0.21964988708496092
0.07302246093749998
0.18317184448242185
0.2866455078125
0.2744861602783203
0.12714347839355467
0.16076049804687498
0.18507919311523435
0.10854682922363279
0.17196617126464842
0.11784515380859373

