0.0925727844238281
0.14645538330078123
0.23920021057128904
0.27615509033203123
0.23967704772949217
0.15146217346191404
0.09543380737304685
0.07779083251953123
0.18245658874511717
0.24301490783691404
0.3317066192626953
0.33719024658203123
0.20248374938964842
0.10663948059082029
0.14740905761718748
0.3436275482177734
0.33313713073730467
0.22918663024902342
0.07588348388671873
0.18913230895996092
0.2814002990722656
0.27973136901855467
0.13119659423828123
0.1612373352050781
0.19199333190917967
0.10830841064453123
0.17697296142578123
0.11474571228027342

