0.08327445983886717
0.1619525909423828
0.29069862365722654
0.35984001159667967
0.20105323791503904
0.14693222045898435
0.09161911010742185
0.07373771667480467
0.18746337890624998
0.2597042083740234
0.27806243896484373
0.30214271545410154
0.1536079406738281
0.07373771667480467
0.18770179748535154
0.2325244903564453
0.3297992706298828
0.22155723571777342
0.16028366088867185
0.17744979858398435
0.3050037384033203
0.3572174072265625
0.08637390136718748
0.1917549133300781
0.21106681823730467
0.13691864013671873
0.15408477783203123
0.11522254943847654

