0.09185752868652342
0.14931640624999998
0.2554126739501953
0.2787776947021484
0.22823295593261717
0.15599212646484373
0.10354003906249998
0.07373771667480467
0.17697296142578123
0.24730644226074217
0.36127052307128904
0.33146820068359373
0.20725212097167967
0.10282478332519529
0.15646896362304685
0.3398128509521484
0.3500648498535156
0.2184577941894531
0.07230720520019529
0.18341026306152342
0.28378448486328123
0.2806850433349609
0.1314350128173828
0.1650520324707031
0.18746337890624998
0.10759315490722654
0.17578086853027342
0.12022933959960935

