0.09018859863281248
0.1478858947753906
0.2489753723144531
0.27663192749023435
0.21964988708496092
0.14836273193359373
0.08708915710449217
0.06992301940917967
0.17601928710937498
0.26590309143066404
0.35745582580566404
0.328607177734375
0.20176849365234373
0.10187110900878904
0.16076049804687498
0.3393360137939453
0.3355213165283203
0.21750411987304685
0.07850608825683592
0.18436393737792967
0.28187713623046873
0.2847381591796875
0.13429603576660154
0.1593299865722656
0.18317184448242185
0.10830841064453123
0.16934356689453123
0.11784515380859373

