0.08232078552246092
0.14574012756347654
0.24110755920410154
0.2749629974365234
0.22322616577148435
0.1459785461425781
0.08780441284179685
0.06706199645996092
0.17506561279296873
0.2616115570068359
0.36246261596679685
0.32360038757324217
0.19485435485839842
0.09400329589843748
0.17554244995117185
0.33719024658203123
0.3374286651611328
0.22131881713867185
0.07230720520019529
0.1753040313720703
0.27615509033203123
0.27663192749023435
0.1211830139160156
0.15503845214843748
0.18245658874511717
0.10306320190429685
0.16862831115722654
0.11259994506835935

