0.08160552978515623
0.14073333740234373
0.23323974609374998
0.27925453186035154
0.2248950958251953
0.14550170898437498
0.08780441284179685
0.07111511230468748
0.17959556579589842
0.25708160400390623
0.3569789886474609
0.32360038757324217
0.19866905212402342
0.0982948303222656
0.16862831115722654
0.33838233947753904
0.32956085205078123
0.2203651428222656
0.07588348388671873
0.18531761169433592
0.3779598236083984
0.27806243896484373
0.12857398986816404
0.18078765869140623
0.19700012207031248
0.10926208496093748
0.16862831115722654
0.11450729370117185

