0.08136711120605467
0.14430961608886717
0.2401538848876953
0.275201416015625
0.21821937561035154
0.1524158477783203
0.08613548278808592
0.0715919494628906
0.17554244995117185
0.2539821624755859
0.38225135803222654
0.34911117553710935
0.19866905212402342
0.09161911010742185
0.1676746368408203
0.3534027099609375
0.3343292236328125
0.21798095703124998
0.07063827514648435
0.18317184448242185
0.27901611328125
0.27353248596191404
0.12976608276367185
0.15289268493652342
0.1848407745361328
0.10139427185058592
0.16242942810058592
0.11426887512207029

