0.08208236694335935
0.1447864532470703
0.24063072204589842
0.2768703460693359
0.2222724914550781
0.14502487182617185
0.08780441284179685
0.0696846008300781
0.20153007507324217
0.26447257995605467
0.38582763671875
0.3512569427490234
0.19604644775390623
0.09352645874023435
0.16910514831542967
0.3534027099609375
0.3328987121582031
0.21774253845214842
0.06896934509277342
0.17983398437499998
0.275201416015625
0.27138671875
0.12022933959960935
0.18245658874511717
0.18269500732421873
0.10711631774902342
0.17220458984374998
0.11641464233398435

