0.08708915710449217
0.14550170898437498
0.23300132751464842
0.2706714630126953
0.21607360839843748
0.16934356689453123
0.08351287841796873
0.06753883361816404
0.20296058654785154
0.28306922912597654
0.3779598236083984
0.3538795471191406
0.1993843078613281
0.09853324890136717
0.16600570678710935
0.35745582580566404
0.3290840148925781
0.24849853515624998
0.06753883361816404
0.17768821716308592
0.27663192749023435
0.3050037384033203
0.12785873413085935
0.1810260772705078
0.20629844665527342
0.10735473632812498
0.17005882263183592
0.11093101501464842

