0.08804283142089842
0.14502487182617185
0.24110755920410154
0.2706714630126953
0.22346458435058592
0.17506561279296873
0.08160552978515623
0.0696846008300781
0.19509277343749998
0.30977210998535154
0.38678131103515623
0.3572174072265625
0.20343742370605467
0.09328804016113279
0.17578086853027342
0.35674057006835935
0.33504447937011717
0.24921379089355467
0.07373771667480467
0.17864189147949217
0.28044662475585935
0.2821155548095703
0.12857398986816404
0.17554244995117185
0.18245658874511717
0.10950050354003904
0.17005882263183592
0.11069259643554685

