0.08089027404785154
0.2127357482910156
0.24420700073242185
0.27400932312011717
0.2191730499267578
0.17673454284667967
0.08136711120605467
0.07230720520019529
0.19986114501953123
0.336236572265625
0.4118152618408203
0.35030326843261717
0.22346458435058592
0.0925727844238281
0.17387351989746092
0.35817108154296873
0.35745582580566404
0.252313232421875
0.0734992980957031
0.17888031005859373
0.2756782531738281
0.27853927612304685
0.11641464233398435
0.18460235595703123
0.1898475646972656
0.13429603576660154
0.16934356689453123
0.1154609680175781

