0.08041343688964842
0.14526329040527342
0.26208839416503904
0.3035732269287109
0.2413459777832031
0.16838989257812498
0.08518180847167967
0.0696846008300781
0.22346458435058592
0.3309913635253906
0.41133842468261717
0.3774829864501953
0.2241798400878906
0.09972534179687498
0.17363510131835935
0.3531642913818359
0.3572174072265625
0.2451606750488281
0.1192756652832031
0.18007240295410154
0.27853927612304685
0.3004737854003906
0.12857398986816404
0.17935714721679685
0.21035156249999998
0.12928924560546873
0.17125091552734373
0.11212310791015623

