0.0830360412597656
0.14144859313964842
0.26256523132324217
0.2999969482421875
0.21988830566406248
0.1726814270019531
0.08565864562988279
0.07087669372558592
0.2287097930908203
0.34267387390136717
0.4122920989990234
0.37342987060546873
0.22751770019531248
0.09495697021484373
0.1764961242675781
0.35674057006835935
0.3646083831787109
0.25684318542480467
0.1459785461425781
0.16934356689453123
0.28116188049316404
0.30214271545410154
0.13000450134277342
0.18388710021972654
0.20939788818359373
0.13954124450683592
0.17816505432128904
0.12213668823242185

