0.08279762268066404
0.1478858947753906
0.26661834716796873
0.3035732269287109
0.24301490783691404
0.17053565979003904
0.0906654357910156
0.07326087951660154
0.19866905212402342
0.33647499084472654
0.4232593536376953
0.38082084655761717
0.22513351440429685
0.0963874816894531
0.17101249694824217
0.3588863372802734
0.36389312744140623
0.24802169799804685
0.11879882812499998
0.20296058654785154
0.2809234619140625
0.30285797119140623
0.13000450134277342
0.18341026306152342
0.21440467834472654
0.1352497100830078
0.17673454284667967
0.11212310791015623

