0.08613548278808592
0.14645538330078123
0.26447257995605467
0.3023811340332031
0.22012672424316404
0.17005882263183592
0.09304962158203123
0.07087669372558592
0.22942504882812498
0.33647499084472654
0.41157684326171873
0.3781982421875
0.22131881713867185
0.09471855163574217
0.17196617126464842
0.35745582580566404
0.36055526733398435
0.2504058837890625
0.11689147949218748
0.18197975158691404
0.27925453186035154
0.3042884826660156
0.12738189697265623
0.18174133300781248
0.2108283996582031
0.13501129150390623
0.1745887756347656
0.11665306091308592

