0.10854682922363279
0.14264068603515623
0.2616115570068359
0.3035732269287109
0.2439685821533203
0.18245658874511717
0.08184394836425779
0.06849250793457029
0.22847137451171873
0.35101852416992185
0.41467628479003904
0.40060958862304685
0.24301490783691404
0.10258636474609373
0.16481361389160154
0.3534027099609375
0.36365470886230467
0.23896179199218748
0.11665306091308592
0.1867481231689453
0.27615509033203123
0.30285797119140623
0.12189826965332029
0.17935714721679685
0.20749053955078123
0.12285194396972654
0.16982040405273435
0.09471855163574217

