0.029630279541015606
0.14073333740234373
0.2184577941894531
0.3030963897705078
0.19843063354492185
0.17768821716308592
0.04274330139160154
0.06801567077636717
0.23037872314453123
0.3877349853515625
0.4435249328613281
0.43374977111816404
0.24539909362792967
0.09614906311035154
0.16910514831542967
0.359124755859375
0.3545948028564453
0.24659118652343748
0.11450729370117185
0.1867481231689453
0.27162513732910154
0.2978511810302734
0.12237510681152342
0.18364868164062498
0.20653686523437498
0.12809715270996092
0.19270858764648435
0.09710273742675779

