0.08398971557617185
0.1421638488769531
0.26208839416503904
0.30405006408691404
0.24229965209960935
0.17196617126464842
0.08780441284179685
0.06896934509277342
0.23467025756835935
0.38535079956054685
0.4320808410644531
0.4232593536376953
0.2542205810546875
0.09400329589843748
0.17411193847656248
0.35173377990722654
0.3596015930175781
0.24659118652343748
0.11259994506835935
0.18555603027343748
0.27806243896484373
0.305718994140625
0.12213668823242185
0.20033798217773435
0.21631202697753904
0.13024291992187498
0.17101249694824217
0.0963874816894531

