0.08732757568359373
0.1447864532470703
0.26637992858886717
0.29308280944824217
0.24563751220703123
0.1707740783691406
0.08255920410156248
0.0677772521972656
0.22537193298339842
0.3882118225097656
0.44137916564941404
0.43374977111816404
0.24682960510253904
0.09138069152832029
0.17482719421386717
0.35292587280273435
0.36246261596679685
0.2535053253173828
0.1192756652832031
0.1898475646972656
0.2787776947021484
0.3188320159912109
0.12165985107421873
0.17864189147949217
0.2096363067626953
0.12642822265624998
0.1924701690673828
0.10735473632812498

