0.09090385437011717
0.13954124450683592
0.259942626953125
0.30023536682128904
0.24420700073242185
0.16910514831542967
0.08565864562988279
0.07087669372558592
0.25064430236816404
0.37962875366210935
0.4320808410644531
0.43041191101074217
0.24826011657714842
0.09686431884765623
0.17029724121093748
0.34839591979980467
0.35411796569824217
0.24468383789062498
0.11832199096679685
0.17983398437499998
0.2775856018066406
0.3016658782958984
0.12022933959960935
0.1803108215332031
0.20796737670898435
0.1364418029785156
0.1943775177001953
0.09972534179687498

