0.08422813415527342
0.12857398986816404
0.26089630126953123
0.29880485534667967
0.24229965209960935
0.17625770568847654
0.08661231994628904
0.06634674072265623
0.2489753723144531
0.3863044738769531
0.4339881896972656
0.4232593536376953
0.24373016357421873
0.09543380737304685
0.16648254394531248
0.35221061706542967
0.3584095001220703
0.2439685821533203
0.11879882812499998
0.18150291442871092
0.2725788116455078
0.29308280944824217
0.12833557128906248
0.18150291442871092
0.20844421386718748
0.12714347839355467
0.16409835815429685
0.09614906311035154

