0.07636032104492185
0.13930282592773435
0.2611347198486328
0.2966590881347656
0.24349174499511717
0.17196617126464842
0.09018859863281248
0.06873092651367185
0.25112113952636717
0.3798671722412109
0.43804130554199217
0.43065032958984373
0.24563751220703123
0.09233436584472654
0.17125091552734373
0.3545948028564453
0.36365470886230467
0.24659118652343748
0.11999092102050779
0.17983398437499998
0.282830810546875
0.30071220397949217
0.12332878112792967
0.17578086853027342
0.20606002807617185
0.13310394287109373
0.19700012207031248
0.09233436584472654

