0.08065185546874998
0.16529045104980467
0.2840229034423828
0.3603168487548828
0.20033798217773435
0.1524158477783203
0.09400329589843748
0.06682357788085935
0.1905628204345703
0.2618499755859375
0.2825923919677734
0.29642066955566404
0.15074691772460935
0.07612190246582029
0.19032440185546873
0.23276290893554685
0.33266029357910154
0.21893463134765623
0.16147575378417967
0.1772113800048828
0.332421875
0.34863433837890623
0.07111511230468748
0.19676170349121092
0.21202049255371092
0.13954124450683592
0.16648254394531248
0.11259994506835935

