0.08565864562988279
0.1505084991455078
0.25755844116210935
0.30095062255859373
0.27424774169921873
0.1695819854736328
0.0868507385253906
0.0696846008300781
0.252313232421875
0.38225135803222654
0.42993507385253904
0.4275508880615234
0.24301490783691404
0.09519538879394529
0.17315826416015623
0.35173377990722654
0.3545948028564453
0.24420700073242185
0.11689147949218748
0.17411193847656248
0.2756782531738281
0.2985664367675781
0.12475929260253904
0.18341026306152342
0.20653686523437498
0.1307197570800781
0.18937072753906248
0.09471855163574217

