0.0811286926269531
0.14550170898437498
0.26471099853515623
0.29713592529296873
0.2470680236816406
0.16648254394531248
0.0868507385253906
0.09495697021484373
0.2477832794189453
0.3836818695068359
0.4404254913330078
0.43184242248535154
0.24611434936523435
0.09710273742675779
0.16791305541992185
0.3476806640625
0.35936317443847654
0.24992904663085935
0.11403045654296873
0.18174133300781248
0.2806850433349609
0.3023811340332031
0.12785873413085935
0.18007240295410154
0.2070137023925781
0.13238868713378904
0.1962848663330078
0.09591064453124998

