0.08208236694335935
0.14240226745605467
0.26280364990234373
0.2959438323974609
0.24373016357421873
0.17387351989746092
0.0887580871582031
0.06801567077636717
0.25135955810546873
0.38344345092773435
0.4358955383300781
0.42921981811523435
0.2439685821533203
0.09996376037597654
0.16719779968261717
0.35745582580566404
0.3584095001220703
0.24301490783691404
0.1230903625488281
0.18817863464355467
0.2833076477050781
0.3023811340332031
0.15694580078124998
0.18698654174804685
0.21011314392089842
0.13286552429199217
0.19199333190917967
0.09901008605957029

