0.07874450683593748
0.1364418029785156
0.2642341613769531
0.3054805755615234
0.2451606750488281
0.1726814270019531
0.11426887512207029
0.07183036804199217
0.25135955810546873
0.38225135803222654
0.43804130554199217
0.42612037658691404
0.24945220947265623
0.10044059753417967
0.1695819854736328
0.35531005859375
0.35864791870117185
0.24849853515624998
0.11689147949218748
0.1822181701660156
0.27996978759765623
0.3023811340332031
0.12380561828613279
0.1810260772705078
0.21392784118652342
0.1269050598144531
0.19700012207031248
0.09710273742675779

