0.08160552978515623
0.15027008056640623
0.26471099853515623
0.3050037384033203
0.24921379089355467
0.17506561279296873
0.11522254943847654
0.07492980957031248
0.2561279296875
0.3889270782470703
0.44590911865234373
0.4347034454345703
0.2451606750488281
0.09781799316406248
0.16862831115722654
0.34982643127441404
0.35435638427734373
0.24420700073242185
0.1562305450439453
0.1860328674316406
0.28044662475585935
0.3042884826660156
0.12380561828613279
0.1784034729003906
0.20868263244628904
0.12595138549804685
0.1943775177001953
0.09734115600585935

