0.08136711120605467
0.14335594177246092
0.2585121154785156
0.29904327392578123
0.24420700073242185
0.1733966827392578
0.07206878662109373
0.07063827514648435
0.2527900695800781
0.38582763671875
0.4392333984375
0.43112716674804685
0.2520748138427734
0.09686431884765623
0.17053565979003904
0.351495361328125
0.35674057006835935
0.2420612335205078
0.11474571228027342
0.18150291442871092
0.2763935089111328
0.3035732269287109
0.12595138549804685
0.17816505432128904
0.20868263244628904
0.12404403686523435
0.19294700622558592
0.0982948303222656

