0.07898292541503904
0.1459785461425781
0.28163871765136717
0.359124755859375
0.1943775177001953
0.1497932434082031
0.09138069152832029
0.06539306640624998
0.18269500732421873
0.28187713623046873
0.27615509033203123
0.2985664367675781
0.1345344543457031
0.07588348388671873
0.1886554718017578
0.23323974609374998
0.32479248046875
0.21440467834472654
0.1562305450439453
0.16910514831542967
0.3228851318359375
0.34529647827148435
0.07016143798828123
0.18460235595703123
0.21106681823730467
0.13572654724121092
0.16934356689453123
0.11832199096679685

