0.0849433898925781
0.14740905761718748
0.2833076477050781
0.35483322143554685
0.24301490783691404
0.15003166198730467
500.7448860168457
0.07111511230468748
0.18770179748535154
0.25708160400390623
0.27925453186035154
0.29952011108398435
0.14693222045898435
0.0754066467285156
0.18698654174804685
0.2344318389892578
0.32813034057617185
0.21678886413574217
0.1619525909423828
0.22847137451171873
0.3531642913818359
0.404901123046875
0.07016143798828123
0.18579444885253904
0.21678886413574217
0.13977966308593748
0.17053565979003904
0.11665306091308592

