0.15193901062011717
0.24444541931152342
0.6263919830322267
0.41658363342285154
0.3321834564208984
0.38535079956054685
0.1230903625488281
0.17363510131835935
0.44376335144042967
0.3781982421875
0.6554790496826173
0.597304916381836
0.25326690673828123
0.15146217346191404
0.14931640624999998
0.2458759307861328
0.5481906890869142
0.24253807067871092
0.16815147399902342
0.2520748138427734
48.47175559997559
0.612563705444336
0.13381919860839842
0.2451606750488281
0.35173377990722654
0.14454803466796873
0.21607360839843748
0.13787231445312498

