0.18460235595703123
0.23800811767578123
0.5729862213134767
0.4122920989990234
0.30476531982421873
0.33695182800292967
0.12380561828613279
0.2012916564941406
0.40108642578125
0.37009201049804685
0.4327960968017578
0.5076595306396485
0.25827369689941404
0.1676746368408203
0.15909156799316404
0.23920021057128904
0.5546279907226563
0.24563751220703123
0.2020069122314453
0.24563751220703123
48.4734245300293
0.5870529174804688
0.12928924560546873
0.24063072204589842
0.34911117553710935
0.1421638488769531
0.2191730499267578
0.13763389587402342

