0.16791305541992185
0.24158439636230467
0.42850456237792967
0.4137226104736328
0.29952011108398435
0.1955696105957031
0.12237510681152342
0.0773139953613281
0.1390644073486328
0.2096363067626953
0.29570541381835935
0.24110755920410154
0.16076049804687498
0.06324729919433592
0.1497932434082031
0.2413459777832031
0.34005126953125
0.21607360839843748
0.09018859863281248
0.17959556579589842
0.27090988159179685
0.34267387390136717
0.08041343688964842
0.16171417236328123
0.2496906280517578
0.08089027404785154
0.15575370788574217
0.08351287841796873

