0.14931640624999998
0.25112113952636717
48.476047134399415
0.4111000061035156
0.3252693176269531
0.47642669677734373
0.12094459533691404
0.1733966827392578
0.4397102355957031
0.3240772247314453
0.5832382202148438
0.6738372802734376
0.2546974182128906
0.15384635925292967
0.1486011505126953
0.24229965209960935
0.5489059448242188
0.24444541931152342
0.14264068603515623
0.32479248046875
48.456258392333986
0.6242462158203126
0.12714347839355467
0.24182281494140623
0.34481964111328123
0.16481361389160154
0.22632560729980467
0.13238868713378904

