0.1524158477783203
0.24253807067871092
0.6173320770263673
0.4084774017333984
0.3283687591552734
0.38415870666503904
0.12738189697265623
0.17792663574218748
0.4563995361328125
0.4370876312255859
0.686711883544922
0.5796619415283204
0.25445899963378904
0.1524158477783203
0.15694580078124998
0.2420612335205078
0.5579658508300782
0.2439685821533203
0.1669593811035156
0.24682960510253904
48.47843132019043
0.5918212890625001
0.1276203155517578
0.24539909362792967
0.3493495941162109
0.14240226745605467
0.2268024444580078
0.14311752319335935

