0.14454803466796873
0.21488151550292967
0.4084774017333984
0.38535079956054685
0.29761276245117185
0.20534477233886717
0.10044059753417967
0.08041343688964842
0.1402565002441406
0.21798095703124998
0.290460205078125
0.26900253295898435
0.1543231964111328
0.0620552062988281
0.16624412536621092
0.21368942260742185
0.3035732269287109
0.21011314392089842
0.10735473632812498
0.1879402160644531
0.2775856018066406
0.3722377777099609
0.07588348388671873
0.16624412536621092
0.2711483001708984
0.08184394836425779
0.12475929260253904
0.07969818115234373

