0.13882598876953123
0.21750411987304685
0.31358680725097654
0.39059600830078123
0.2725788116455078
0.20153007507324217
0.10258636474609373
0.08804283142089842
0.1402565002441406
0.22012672424316404
0.2923675537109375
0.27281723022460935
0.1497932434082031
0.07111511230468748
0.16338310241699217
0.21774253845214842
0.3069110870361328
0.21249732971191404
0.12142143249511717
0.1867481231689453
0.27973136901855467
0.37152252197265623
0.0773139953613281
0.16743621826171873
0.2794929504394531
0.08375129699707029
0.13215026855468748
0.08446655273437498

