0.13286552429199217
0.24110755920410154
0.5269714355468751
0.4091926574707031
0.30452690124511717
0.30977210998535154
0.11951408386230467
0.1543231964111328
0.37152252197265623
0.31811676025390623
0.4256435394287109
0.4594989776611328
0.22704086303710935
0.1733966827392578
0.15408477783203123
0.23729286193847654
0.547713851928711
0.2489753723144531
0.1638599395751953
0.24635276794433592
48.47247085571289
0.5813308715820313
0.1288124084472656
0.24086914062499998
0.35030326843261717
0.13286552429199217
0.19151649475097654
0.14311752319335935

