0.15789947509765623
0.2439685821533203
0.5975433349609376
0.41157684326171873
0.30071220397949217
0.3355213165283203
0.12452087402343748
0.2000995635986328
0.39751014709472654
0.3698535919189453
0.46164474487304685
0.4993148803710938
0.2470680236816406
0.17363510131835935
0.1524158477783203
0.24301490783691404
0.5481906890869142
0.24754486083984373
0.1714893341064453
0.2542205810546875
48.45983467102051
0.5827613830566407
0.1295276641845703
0.24182281494140623
0.3493495941162109
0.13954124450683592
0.1917549133300781
0.14192543029785154

