0.15503845214843748
0.24349174499511717
48.49488220214844
0.43684921264648435
0.31787834167480467
0.4327960968017578
0.1276203155517578
0.1726814270019531
0.4411407470703125
0.32312355041503904
0.5050369262695313
48.483676528930665
0.24730644226074217
0.1505084991455078
0.1497932434082031
0.2382465362548828
0.547713851928711
0.24039230346679685
0.14645538330078123
0.32574615478515623
48.48486862182617
0.6159015655517579
0.12332878112792967
0.24754486083984373
0.35030326843261717
0.16457519531249998
0.2077289581298828
0.1352497100830078

