0.15861473083496092
0.24682960510253904
0.6187625885009767
0.4118152618408203
0.32574615478515623
0.38654289245605467
0.12285194396972654
0.17387351989746092
0.4487701416015625
0.40108642578125
0.6809898376464845
0.6008811950683595
0.2535053253173828
0.15074691772460935
0.1505084991455078
0.24373016357421873
0.5469985961914063
0.23872337341308592
0.16600570678710935
0.24754486083984373
48.49202117919922
0.6068416595458985
0.1276203155517578
0.24730644226074217
0.35364112854003904
0.1440711975097656
0.22274932861328123
0.13429603576660154

