0.15503845214843748
0.2451606750488281
48.49035224914551
0.40585479736328123
0.31859359741210935
0.40442428588867185
0.12428245544433592
0.16934356689453123
0.41896781921386717
0.32383880615234373
0.5372234344482423
48.49845848083496
0.24849853515624998
0.14526329040527342
0.1517005920410156
0.24373016357421873
0.5498596191406251
0.23991546630859373
0.13858757019042967
0.3412433624267578
48.472947692871095
0.635451889038086
0.12213668823242185
0.24873695373535154
0.3488727569580078
0.13572654724121092
0.2127357482910156
0.13167343139648435

