0.16743621826171873
0.2413459777832031
0.42993507385253904
0.4072853088378906
0.3016658782958984
0.2031990051269531
0.11975250244140623
0.08255920410156248
0.1383491516113281
0.21511993408203123
0.2866455078125
0.23800811767578123
0.15694580078124998
0.0754066467285156
0.14717063903808592
0.23729286193847654
0.32002410888671873
0.20606002807617185
0.08136711120605467
0.1803108215332031
0.2718635559082031
0.3646083831787109
0.09924850463867185
0.16052207946777342
0.27615509033203123
0.07850608825683592
0.15646896362304685
0.08446655273437498

