0.13596496582031248
0.24468383789062498
0.39417228698730467
0.40704689025878904
0.29260597229003904
0.19509277343749998
0.12666664123535154
0.07874450683593748
0.1421638488769531
0.21869621276855467
0.2916522979736328
0.26280364990234373
0.14836273193359373
0.06372413635253904
0.15861473083496092
0.23872337341308592
0.32312355041503904
0.2153583526611328
0.08089027404785154
0.1772113800048828
0.27281723022460935
0.374383544921875
0.0734992980957031
0.16219100952148435
0.27090988159179685
0.08518180847167967
0.1536079406738281
0.08613548278808592

