0.32240829467773435
0.24301490783691404
0.423974609375
0.4103847503662109
0.301904296875
0.20415267944335935
0.1230903625488281
0.08089027404785154
0.13238868713378904
0.22060356140136717
0.28378448486328123
0.23776969909667967
0.1536079406738281
0.05895576477050779
0.1447864532470703
0.2382465362548828
0.32193145751953123
0.2108283996582031
0.08327445983886717
0.1810260772705078
0.27019462585449217
0.3684230804443359
0.06682357788085935
0.16171417236328123
0.23991546630859373
0.07969818115234373
0.15265426635742185
0.07898292541503904

