0.12332878112792967
0.17482719421386717
0.2394386291503906
0.39369544982910154
0.27162513732910154
0.17888031005859373
0.11379203796386717
0.08732757568359373
0.1371570587158203
0.22632560729980467
0.2940364837646484
0.2725788116455078
0.15480003356933592
0.06873092651367185
0.14931640624999998
0.21750411987304685
0.3054805755615234
0.2184577941894531
0.11021575927734373
0.1555152893066406
0.27782402038574217
0.36127052307128904
0.07874450683593748
0.16600570678710935
0.27162513732910154
0.08446655273437498
0.12523612976074217
0.08518180847167967

