0.11879882812499998
0.21583518981933592
0.23872337341308592
0.3824897766113281
0.2763935089111328
0.17578086853027342
0.11307678222656248
0.08255920410156248
0.1421638488769531
0.2222724914550781
0.28950653076171873
0.2656646728515625
0.15503845214843748
0.06920776367187498
0.15336952209472654
0.21511993408203123
0.2997585296630859
0.21130523681640623
0.10616264343261717
0.1810260772705078
0.2787776947021484
0.37962875366210935
0.0792213439941406
0.16862831115722654
0.3214546203613281
0.09138069152832029
0.13572654724121092
0.0849433898925781

