0.1593299865722656
0.32765350341796873
0.6247230529785157
0.41157684326171873
0.3233619689941406
0.34529647827148435
0.12523612976074217
0.2012916564941406
0.41896781921386717
0.606603240966797
0.6590553283691407
0.5508132934570313
0.26018104553222654
0.17029724121093748
0.15313110351562498
0.24253807067871092
0.5517669677734376
0.23896179199218748
0.1714893341064453
0.24563751220703123
48.468179321289064
0.5827613830566407
0.12523612976074217
0.24444541931152342
0.34100494384765623
0.1440711975097656
0.21368942260742185
0.13882598876953123

