0.13811073303222654
0.24349174499511717
0.4034706115722656
0.4111000061035156
0.30142745971679685
0.20272216796874998
0.12642822265624998
0.08470497131347654
0.1345344543457031
0.21416625976562498
0.28736076354980467
0.26661834716796873
0.15670738220214842
0.06324729919433592
0.14240226745605467
0.21631202697753904
0.31740150451660154
0.21559677124023435
0.08279762268066404
0.18436393737792967
0.27591667175292967
0.37152252197265623
0.06992301940917967
0.16028366088867185
0.26852569580078123
0.08255920410156248
0.12380561828613279
0.07492980957031248

