0.1383491516113281
0.21821937561035154
0.3970333099365234
0.37962875366210935
0.29570541381835935
0.2000995635986328
0.13119659423828123
0.07802925109863279
0.13501129150390623
0.21559677124023435
0.29260597229003904
0.26256523132324217
0.15265426635742185
0.062293624877929665
0.14717063903808592
0.21631202697753904
0.3042884826660156
0.20749053955078123
0.10806999206542967
0.17697296142578123
0.27663192749023435
0.3710456848144531
0.07063827514648435
0.1555152893066406
0.2718635559082031
0.08518180847167967
0.1257129669189453
0.08470497131347654

