0.1402565002441406
0.21511993408203123
0.40943107604980467
0.4144378662109375
0.3004737854003906
0.2070137023925781
0.13405761718749998
0.08804283142089842
0.14502487182617185
0.22012672424316404
0.28736076354980467
0.24229965209960935
0.16099891662597654
0.06801567077636717
0.15074691772460935
0.21297416687011717
0.30261955261230467
0.2153583526611328
0.11665306091308592
0.18174133300781248
0.2737709045410156
0.427789306640625
0.07564506530761717
0.1619525909423828
0.2730556488037109
0.08756599426269529
0.12857398986816404
0.08756599426269529

