0.14168701171874998
0.21511993408203123
0.3965564727783203
0.41729888916015623
0.2935596466064453
0.2020069122314453
0.12618980407714842
0.0811286926269531
0.14740905761718748
0.21702728271484373
0.28879127502441404
0.2673336029052734
0.15265426635742185
0.07445297241210935
0.14550170898437498
0.2191730499267578
0.3030963897705078
0.21178207397460935
0.12094459533691404
0.18579444885253904
0.2706714630126953
0.3741451263427734
0.07683715820312498
0.16934356689453123
0.2694793701171875
0.07945976257324217
0.12547454833984373
0.0811286926269531

