0.13381919860839842
0.21607360839843748
0.3908344268798828
0.38678131103515623
0.3023811340332031
0.2146430969238281
0.12428245544433592
0.08065185546874998
0.14359436035156248
0.22394142150878904
0.28426132202148435
0.23729286193847654
0.1505084991455078
0.06658515930175779
0.15265426635742185
0.21297416687011717
0.3023811340332031
0.21511993408203123
0.11712989807128904
0.18531761169433592
0.2692409515380859
0.39488754272460935
0.07564506530761717
0.16529045104980467
0.27234039306640623
0.07826766967773435
0.1295276641845703
0.08089027404785154

