0.1333423614501953
0.21988830566406248
0.49383125305175785
0.42111358642578123
0.3042884826660156
0.28426132202148435
0.1307197570800781
0.13381919860839842
0.3507801055908203
0.29499015808105467
0.40585479736328123
0.4335113525390625
0.22727928161621092
0.1733966827392578
0.15503845214843748
0.24063072204589842
0.549382781982422
0.24063072204589842
0.13811073303222654
0.2515979766845703
0.5315013885498048
0.5620189666748048
0.12809715270996092
0.24635276794433592
0.3469654083251953
0.13691864013671873
0.19080123901367185
0.13882598876953123

