0.13882598876953123
0.2184577941894531
0.4683204650878906
0.389642333984375
0.2844997406005859
0.23276290893554685
0.12213668823242185
0.14526329040527342
0.3228851318359375
0.2687641143798828
0.3901191711425781
0.40704689025878904
0.2020069122314453
0.16529045104980467
0.1574226379394531
0.29642066955566404
0.524825668334961
0.2401538848876953
0.14073333740234373
0.21297416687011717
0.4530616760253906
0.5617805480957032
0.12070617675781248
0.24349174499511717
0.31930885314941404
0.14550170898437498
0.19127807617187498
0.13691864013671873

