0.16910514831542967
0.23538551330566404
0.4022785186767578
0.42039833068847654
0.29832801818847654
0.20415267944335935
0.12213668823242185
0.0792213439941406
0.14121017456054685
0.21702728271484373
0.2866455078125
0.23323974609374998
0.1543231964111328
0.07111511230468748
0.14883956909179685
0.24063072204589842
0.31668624877929685
0.20629844665527342
0.0849433898925781
0.17625770568847654
0.27281723022460935
0.38582763671875
0.07826766967773435
0.16219100952148435
0.2999969482421875
0.0868507385253906
0.15313110351562498
0.07993659973144529

