0.11712989807128904
0.2039142608642578
0.24444541931152342
0.39607963562011717
0.2840229034423828
0.18317184448242185
0.11116943359374998
0.08828124999999998
0.14693222045898435
0.22775611877441404
0.29832801818847654
0.26852569580078123
0.15909156799316404
0.06467781066894529
0.15575370788574217
0.22012672424316404
0.3042884826660156
0.21631202697753904
0.10830841064453123
0.16028366088867185
0.27615509033203123
0.3512569427490234
0.07850608825683592
0.18150291442871092
0.27853927612304685
0.08542022705078123
0.13119659423828123
0.08804283142089842

