0.12165985107421873
0.20153007507324217
0.24468383789062498
0.389642333984375
0.2744861602783203
0.17315826416015623
0.10234794616699217
0.08041343688964842
0.14311752319335935
0.22012672424316404
0.2954669952392578
0.27090988159179685
0.15575370788574217
0.07016143798828123
0.1505084991455078
0.2077289581298828
0.30834159851074217
0.2165504455566406
0.10878524780273435
0.1867481231689453
0.27234039306640623
0.3703304290771484
0.0792213439941406
0.16529045104980467
0.27162513732910154
0.0830360412597656
0.13048133850097654
0.09018859863281248

