0.17053565979003904
0.24063072204589842
0.4060932159423828
0.40704689025878904
0.29642066955566404
0.20629844665527342
0.12785873413085935
0.07826766967773435
0.14574012756347654
0.21988830566406248
0.2923675537109375
0.24086914062499998
0.15480003356933592
0.07445297241210935
0.14931640624999998
0.23991546630859373
0.3228851318359375
0.21178207397460935
0.08255920410156248
0.1822181701660156
0.26781044006347654
0.3419586181640625
0.07397613525390623
0.16433677673339842
0.27281723022460935
0.08446655273437498
0.15575370788574217
0.0849433898925781

