0.15837631225585935
0.2375312805175781
0.6216236114501954
0.41515312194824217
0.3302761077880859
0.38678131103515623
0.12165985107421873
0.17768821716308592
0.44400177001953123
0.4008480072021484
0.6998249053955079
0.6013580322265626
0.25565109252929685
0.14740905761718748
0.15265426635742185
0.252313232421875
0.5496212005615235
0.2241798400878906
0.17220458984374998
0.32693824768066404
48.48916015625
0.610417938232422
0.1249977111816406
0.2458759307861328
0.3519721984863281
0.13668022155761717
0.2146430969238281
0.13977966308593748

