0.15384635925292967
0.24086914062499998
48.47843132019043
0.4149147033691406
0.32741508483886717
0.4068084716796875
0.12142143249511717
0.1619525909423828
0.44137916564941404
0.32813034057617185
0.534123992919922
48.49082908630371
0.25135955810546873
0.14955482482910154
0.15122375488281248
0.24468383789062498
0.5460449218750001
0.24754486083984373
0.1428791046142578
0.35054168701171873
48.46341094970703
0.6159015655517579
0.12809715270996092
0.24039230346679685
0.3462501525878906
0.1593299865722656
0.21488151550292967
0.13238868713378904

