0.1517005920410156
0.24086914062499998
48.487968063354494
0.41157684326171873
0.3252693176269531
0.3660388946533203
0.14740905761718748
0.16815147399902342
0.44638595581054685
0.35411796569824217
0.6528564453125001
0.6461807250976563
0.2527900695800781
0.14121017456054685
0.16099891662597654
0.24802169799804685
0.5486675262451173
0.24754486083984373
0.16481361389160154
0.3519721984863281
48.47557029724121
0.6089874267578126
0.1211830139160156
0.24373016357421873
0.34791908264160154
0.1390644073486328
0.22012672424316404
0.12905082702636717

