0.14693222045898435
0.21750411987304685
0.404901123046875
0.41348419189453123
0.2973743438720703
0.20486793518066404
0.12404403686523435
0.08375129699707029
0.13977966308593748
0.21988830566406248
0.28569183349609373
0.24349174499511717
0.15456161499023435
0.06682357788085935
500.70578536987307
0.21678886413574217
0.30476531982421873
0.21011314392089842
0.11236152648925779
0.18436393737792967
0.27043304443359373
0.41729888916015623
0.07636032104492185
0.15861473083496092
0.27019462585449217
0.07802925109863279
0.13119659423828123
0.08422813415527342

