0.14812431335449217
0.24182281494140623
0.6206699371337892
0.40776214599609373
0.3226467132568359
0.37843666076660154
0.12428245544433592
0.16457519531249998
0.44137916564941404
0.3722377777099609
0.6769367218017579
0.6263919830322267
0.24754486083984373
0.15074691772460935
0.19700012207031248
0.23800811767578123
0.5491443634033204
0.2382465362548828
0.1574226379394531
0.3443428039550781
48.463649368286134
0.6108947753906251
0.12666664123535154
0.24301490783691404
0.34267387390136717
0.1371570587158203
0.2210803985595703
0.13882598876953123

