0.15074691772460935
0.23681602478027342
48.48391494750977
0.41276893615722654
0.35626373291015623
0.40561637878417967
0.11975250244140623
0.17196617126464842
0.44400177001953123
0.32693824768066404
0.6113716125488282
48.483676528930665
0.24992904663085935
0.1505084991455078
0.1600452423095703
0.2470680236816406
0.5489059448242188
0.24682960510253904
0.1421638488769531
0.3431507110595703
48.45339736938477
0.6328292846679688
0.12237510681152342
0.2451606750488281
0.3474422454833984
0.13691864013671873
0.22155723571777342
0.14240226745605467

