0.14359436035156248
0.21321258544921873
0.3381439208984375
0.42993507385253904
0.3088184356689453
0.20343742370605467
0.0982948303222656
0.08375129699707029
0.1447864532470703
0.21559677124023435
0.28807601928710935
0.24182281494140623
0.1505084991455078
0.0639625549316406
0.14359436035156248
0.21368942260742185
0.30405006408691404
0.21440467834472654
0.11498413085937498
0.18245658874511717
0.2864070892333984
0.37152252197265623
0.07564506530761717
0.16219100952148435
0.267572021484375
0.08637390136718748
0.12356719970703123
0.0868507385253906

