0.15098533630371092
0.23586235046386717
48.48486862182617
0.4130073547363281
0.3233619689941406
0.40752372741699217
0.11879882812499998
0.17506561279296873
0.44066390991210935
0.32431564331054685
0.656194305419922
48.475808715820314
0.2496906280517578
0.14526329040527342
0.15122375488281248
0.2451606750488281
0.5491443634033204
0.24039230346679685
3.7203498840332028
0.35221061706542967
48.4579273223877
0.6128021240234376
0.12452087402343748
0.24063072204589842
0.3493495941162109
0.13811073303222654
0.21202049255371092
0.1326271057128906

