0.13739547729492185
0.22012672424316404
0.40513954162597654
0.40895423889160154
0.29689750671386717
0.20057640075683592
0.1352497100830078
0.08232078552246092
0.13691864013671873
0.22084197998046873
0.28736076354980467
0.26375732421875
0.1478858947753906
0.06491622924804685
0.15146217346191404
0.21702728271484373
0.3016658782958984
0.21678886413574217
0.12237510681152342
0.18650970458984373
0.27663192749023435
0.3703304290771484
0.06944618225097654
0.1631446838378906
0.275201416015625
0.08327445983886717
0.12642822265624998
0.08255920410156248

