0.1314350128173828
0.24229965209960935
0.5257793426513673
0.41634521484375
0.29880485534667967
0.30786476135253904
0.12404403686523435
0.15098533630371092
0.3722377777099609
0.32622299194335935
0.4347034454345703
0.46164474487304685
0.23300132751464842
0.17363510131835935
0.15837631225585935
0.2694793701171875
0.5555816650390626
0.24349174499511717
0.1688667297363281
0.24754486083984373
48.46960983276367
0.5868144989013673
0.12356719970703123
0.23776969909667967
0.34911117553710935
0.13477287292480467
0.19151649475097654
0.1326271057128906

