0.1650520324707031
0.2413459777832031
0.42111358642578123
0.40585479736328123
0.2954669952392578
0.20439109802246092
0.1307197570800781
0.07612190246582029
0.13119659423828123
0.21488151550292967
0.2885528564453125
0.23657760620117185
0.15384635925292967
0.06730041503906248
0.14526329040527342
0.24611434936523435
0.32503089904785154
0.20915946960449217
0.07802925109863279
0.18317184448242185
0.27424774169921873
0.3646083831787109
0.06944618225097654
0.15789947509765623
0.26375732421875
0.08351287841796873
0.16457519531249998
0.08804283142089842

