0.15766105651855467
0.24253807067871092
0.618047332763672
0.41896781921386717
0.33003768920898435
0.38606605529785154
0.11999092102050779
0.1733966827392578
0.4518695831298828
0.4091926574707031
0.6836124420166017
0.6013580322265626
0.2504058837890625
0.14717063903808592
0.1536079406738281
0.24158439636230467
0.5486675262451173
0.24086914062499998
0.16457519531249998
0.2573200225830078
48.472947692871095
0.5901523590087892
0.12928924560546873
0.24992904663085935
0.3588863372802734
0.14526329040527342
0.22155723571777342
0.14454803466796873

