0.16624412536621092
0.24229965209960935
0.42278251647949217
0.41396102905273435
0.29308280944824217
0.20248374938964842
0.12356719970703123
0.08065185546874998
0.14168701171874998
0.21774253845214842
0.2961822509765625
0.24110755920410154
0.1517005920410156
0.06730041503906248
0.14359436035156248
0.24039230346679685
0.31978569030761717
0.21559677124023435
0.08708915710449217
0.17935714721679685
0.2725788116455078
0.37056884765625
500.7894702911377
0.1600452423095703
0.24229965209960935
0.0830360412597656
0.15789947509765623
0.12094459533691404

