0.13954124450683592
0.2191730499267578
0.40776214599609373
0.38916549682617185
0.2966590881347656
0.20081481933593748
0.10234794616699217
0.08184394836425779
0.14192543029785154
0.2134510040283203
0.29427490234375
0.2592273712158203
0.15503845214843748
0.06539306640624998
0.14693222045898435
0.21607360839843748
0.3069110870361328
0.21035156249999998
0.11474571228027342
0.18007240295410154
0.27234039306640623
0.39679489135742185
0.07254562377929685
0.1638599395751953
0.2654262542724609
0.07779083251953123
0.12666664123535154
0.08542022705078123

