0.1371570587158203
0.19509277343749998
0.28926811218261717
0.3894039154052734
0.27734718322753904
0.21368942260742185
0.10520896911621092
0.08208236694335935
0.1383491516113281
0.21941146850585935
0.282830810546875
0.25326690673828123
0.15480003356933592
0.07898292541503904
0.14144859313964842
0.21774253845214842
0.3011890411376953
0.21058998107910154
0.10830841064453123
0.17816505432128904
0.267572021484375
0.3679462432861328
0.07492980957031248
0.16242942810058592
0.27210197448730467
0.0773139953613281
0.1288124084472656
0.0830360412597656

