0.15980682373046873
0.23776969909667967
0.4275508880615234
0.4111000061035156
0.29689750671386717
0.20558319091796873
0.12428245544433592
0.07874450683593748
0.1383491516113281
0.21297416687011717
0.2885528564453125
0.2687641143798828
0.15575370788574217
0.06634674072265623
0.16791305541992185
0.23920021057128904
0.32574615478515623
0.20868263244628904
0.12595138549804685
0.1791187286376953
0.2737709045410156
0.37128410339355467
0.07302246093749998
0.1574226379394531
0.27281723022460935
0.07850608825683592
0.15575370788574217
0.08255920410156248

