0.13668022155761717
0.2153583526611328
0.4106231689453125
0.3851123809814453
0.30071220397949217
0.1993843078613281
0.13572654724121092
0.08065185546874998
0.13811073303222654
0.2184577941894531
0.29332122802734373
0.24086914062499998
0.16242942810058592
0.07016143798828123
0.1466938018798828
0.21488151550292967
0.29761276245117185
0.21202049255371092
0.10830841064453123
0.18650970458984373
0.2692409515380859
0.3686614990234375
0.0792213439941406
0.16362152099609373
0.2649494171142578
0.07945976257324217
0.12261352539062498
0.09233436584472654

