0.16791305541992185
0.24682960510253904
0.43065032958984373
0.40704689025878904
0.3030963897705078
0.20653686523437498
0.12452087402343748
0.08542022705078123
0.1402565002441406
0.22203407287597654
0.2902217864990234
0.24492225646972654
0.15575370788574217
0.06825408935546873
0.15027008056640623
0.23967704772949217
0.34458122253417967
0.21321258544921873
0.08327445983886717
0.1810260772705078
0.267572021484375
0.3417201995849609
0.06992301940917967
0.16838989257812498
0.2451606750488281
0.08017501831054685
0.1574226379394531
0.08637390136718748

