0.16242942810058592
0.24253807067871092
0.42540512084960935
0.40823898315429685
0.30476531982421873
0.19652328491210935
0.12070617675781248
0.07683715820312498
0.13572654724121092
0.21416625976562498
0.2787776947021484
0.24039230346679685
0.15098533630371092
0.06706199645996092
0.13977966308593748
0.23967704772949217
0.313348388671875
0.21130523681640623
0.07945976257324217
0.18078765869140623
0.26661834716796873
0.3741451263427734
0.07326087951660154
0.15861473083496092
0.2623268127441406
0.08184394836425779
0.1543231964111328
0.07993659973144529

