0.15599212646484373
0.23490867614746092
48.48272285461426
0.40633163452148435
0.3359981536865234
0.38105926513671873
0.11903724670410154
0.1714893341064453
0.44948539733886717
0.351495361328125
0.6831356048583985
0.6266304016113282
0.2489753723144531
0.1478858947753906
0.2306171417236328
0.24039230346679685
0.5419918060302735
0.2344318389892578
0.16600570678710935
0.34839591979980467
48.47676239013672
0.6058879852294923
0.12046775817871092
0.24039230346679685
0.34601173400878904
0.13787231445312498
0.21583518981933592
0.13620338439941404

