0.13858757019042967
0.21750411987304685
0.4716583251953125
0.4156299591064453
0.30261955261230467
0.22966346740722654
0.11784515380859373
0.1364418029785156
0.3534027099609375
0.29260597229003904
0.3836818695068359
0.43041191101074217
0.22751770019531248
0.16552886962890623
0.15456161499023435
0.24611434936523435
0.5503364562988282
0.24420700073242185
0.16409835815429685
0.24873695373535154
0.47881088256835935
0.5844303131103517
0.12094459533691404
0.2451606750488281
0.3226467132568359
0.1428791046142578
0.19270858764648435
0.14168701171874998

