0.10139427185058592
0.14311752319335935
0.27734718322753904
0.33528289794921873
0.27138671875
0.20462951660156248
0.08732757568359373
0.0811286926269531
0.17768821716308592
0.2241798400878906
0.26208839416503904
0.26709518432617185
0.1803108215332031
0.07135353088378904
0.1276203155517578
0.2184577941894531
0.26828727722167967
0.21130523681640623
0.05585632324218748
0.1345344543457031
0.1905628204345703
0.332421875
0.051803207397460915
0.1612373352050781
0.34863433837890623
0.08017501831054685
0.21035156249999998
0.09328804016113279

