0.12452087402343748
0.19270858764648435
0.3760524749755859
0.3557868957519531
0.29642066955566404
0.2260871887207031
0.17888031005859373
0.0849433898925781
0.16719779968261717
0.2432533264160156
0.30595741271972654
0.2585121154785156
0.17554244995117185
0.10640106201171873
0.12666664123535154
0.22274932861328123
0.33194503784179685
0.23729286193847654
0.0429817199707031
0.15599212646484373
0.18126449584960935
0.3355213165283203
0.08637390136718748
0.17983398437499998
0.3762908935546875
0.06801567077636717
0.21202049255371092
0.08565864562988279

