0.12022933959960935
0.19223175048828123
0.35817108154296873
0.3538795471191406
0.29141387939453123
0.2299018859863281
0.18341026306152342
0.07969818115234373
0.16910514831542967
0.25302848815917967
0.3100105285644531
0.25898895263671873
0.18078765869140623
0.07016143798828123
0.14717063903808592
0.22346458435058592
0.3607936859130859
0.2413459777832031
0.0487037658691406
0.16719779968261717
0.1879402160644531
0.33528289794921873
0.07874450683593748
0.18007240295410154
0.37533721923828123
0.07779083251953123
0.21058998107910154
0.08780441284179685

