0.0963874816894531
0.16934356689453123
0.3989406585693359
0.3507801055908203
0.26471099853515623
0.19890747070312498
0.1574226379394531
0.07707557678222654
0.16624412536621092
0.2451606750488281
0.282830810546875
0.2616115570068359
0.1784034729003906
0.0658699035644531
0.1230903625488281
0.23681602478027342
0.2840229034423828
0.21392784118652342
0.05108795166015623
0.1543231964111328
0.1822181701660156
0.3283687591552734
0.07707557678222654
0.1764961242675781
0.3729530334472656
0.06420097351074217
0.2089210510253906
0.08947334289550779

