0.11474571228027342
0.14931640624999998
0.24659118652343748
0.31024894714355467
0.27472457885742185
0.1829334259033203
0.13238868713378904
0.08708915710449217
0.14645538330078123
0.2501674652099609
0.2673336029052734
0.26709518432617185
0.18364868164062498
0.07588348388671873
0.13358078002929685
0.16862831115722654
0.22274932861328123
0.2241798400878906
0.062293624877929665
0.1352497100830078
0.19676170349121092
0.34100494384765623
0.05347213745117185
0.17029724121093748
0.2935596466064453
0.07612190246582029
0.18436393737792967
0.13882598876953123

