0.0963874816894531
0.16982040405273435
0.39822540283203123
0.3526874542236328
0.26518783569335935
0.19318542480468748
0.15789947509765623
0.08017501831054685
0.1421638488769531
0.24277648925781248
0.27901611328125
0.26709518432617185
0.1879402160644531
0.07111511230468748
0.13429603576660154
0.24158439636230467
0.29570541381835935
0.2191730499267578
0.05871734619140623
0.15718421936035154
0.18627128601074217
0.3398128509521484
0.08160552978515623
0.1822181701660156
0.3729530334472656
0.07016143798828123
0.20606002807617185
0.08899650573730467

