0.11712989807128904
0.21798095703124998
0.38296661376953123
0.3550716400146484
0.290460205078125
0.23228607177734373
0.18341026306152342
0.08232078552246092
0.16838989257812498
0.2439685821533203
0.3092952728271484
0.26137313842773435
0.18436393737792967
0.08589706420898435
0.12142143249511717
0.22346458435058592
0.336236572265625
0.2439685821533203
0.04584274291992185
0.15980682373046873
0.1879402160644531
0.3393360137939453
0.08375129699707029
0.1867481231689453
0.3736682891845703
0.07516822814941404
0.21178207397460935
0.0906654357910156

