0.11569938659667967
0.19723854064941404
0.37271461486816404
0.3507801055908203
0.29379806518554685
0.2268024444580078
0.18126449584960935
0.08661231994628904
0.17005882263183592
0.259942626953125
0.3061958312988281
0.2573200225830078
0.17816505432128904
0.07183036804199217
0.1307197570800781
0.22155723571777342
0.35936317443847654
0.23705444335937498
0.05156478881835935
0.15599212646484373
0.18388710021972654
0.3302761077880859
0.08851966857910154
0.18388710021972654
0.38153610229492185
0.07039985656738279
0.2051063537597656
0.09090385437011717

