0.11856040954589842
0.19843063354492185
0.3779598236083984
0.35745582580566404
0.2916522979736328
0.2279945373535156
0.17744979858398435
0.07564506530761717
0.16600570678710935
0.24229965209960935
0.3150173187255859
0.2661415100097656
0.17816505432128904
0.07206878662109373
0.14740905761718748
0.22918663024902342
0.3169246673583984
0.25112113952636717
0.05013427734374998
0.1638599395751953
0.18889389038085935
0.33838233947753904
0.08589706420898435
0.19032440185546873
0.37724456787109373
0.07469139099121092
0.2127357482910156
0.09352645874023435

