0.10067901611328123
0.14383277893066404
0.27400932312011717
0.328607177734375
0.2725788116455078
0.20415267944335935
0.12380561828613279
0.07993659973144529
0.17435035705566404
0.22084197998046873
0.25493583679199217
0.2573200225830078
0.18126449584960935
0.06896934509277342
0.12452087402343748
0.21511993408203123
0.2611347198486328
0.20749053955078123
0.05490264892578123
0.13095817565917967
0.1848407745361328
0.33528289794921873
0.05323371887207029
0.16028366088867185
0.3462501525878906
0.07302246093749998
0.2172657012939453
0.09471855163574217

