0.09901008605957029
0.14359436035156248
0.27234039306640623
0.3336139678955078
0.2668567657470703
0.2051063537597656
0.1536079406738281
0.07898292541503904
0.2020069122314453
0.22346458435058592
0.25326690673828123
0.2585121154785156
0.17768821716308592
0.06944618225097654
0.12928924560546873
0.20081481933593748
0.2718635559082031
0.21297416687011717
0.05347213745117185
0.13596496582031248
0.18555603027343748
0.3359981536865234
0.08089027404785154
0.15837631225585935
0.3538795471191406
0.07516822814941404
0.21011314392089842
0.0773139953613281

