0.12237510681152342
0.2184577941894531
0.37462196350097654
0.3531642913818359
0.2928443908691406
0.23014030456542967
0.19151649475097654
0.08136711120605467
0.1631446838378906
0.24563751220703123
0.3088184356689453
0.28950653076171873
0.18078765869140623
0.06563148498535154
0.12642822265624998
0.27973136901855467
0.3386207580566406
0.2375312805175781
0.0525184631347656
0.15861473083496092
0.18364868164062498
0.33504447937011717
0.08041343688964842
0.18650970458984373
0.3767677307128906
0.0715919494628906
0.21130523681640623
0.09018859863281248

