0.0982948303222656
0.15503845214843748
0.2363391876220703
0.32884559631347654
0.26900253295898435
0.20653686523437498
0.1345344543457031
0.08375129699707029
0.16242942810058592
0.21821937561035154
0.2489753723144531
0.26065788269042967
0.17291984558105467
0.05704841613769529
0.11665306091308592
0.2039142608642578
0.26089630126953123
0.20606002807617185
0.044173812866210915
0.12618980407714842
0.17673454284667967
0.332421875
0.05013427734374998
0.1600452423095703
0.31477890014648435
0.06682357788085935
0.20749053955078123
0.08995018005371092

