0.12094459533691404
0.21511993408203123
0.37390670776367185
0.35864791870117185
0.2923675537109375
0.23157081604003904
0.18341026306152342
0.08041343688964842
0.18555603027343748
0.2439685821533203
0.30261955261230467
0.25827369689941404
0.17387351989746092
0.07183036804199217
0.17506561279296873
0.25898895263671873
0.33146820068359373
0.23896179199218748
0.047034835815429665
0.15861473083496092
0.18436393737792967
0.3305145263671875
0.07993659973144529
0.19151649475097654
0.3779598236083984
0.07373771667480467
0.20629844665527342
0.09400329589843748

