0.11689147949218748
0.19914588928222654
0.3755756378173828
0.35817108154296873
0.29642066955566404
0.22584877014160154
0.17864189147949217
0.08160552978515623
0.16600570678710935
0.2432533264160156
0.3054805755615234
0.26971778869628904
0.18150291442871092
0.06944618225097654
0.14049491882324217
0.26065788269042967
0.3131099700927734
0.24182281494140623
0.05490264892578123
0.1581378936767578
0.19771537780761717
0.3393360137939453
0.11188468933105467
0.18317184448242185
0.3774829864501953
0.07659873962402342
0.2134510040283203
0.09185752868652342

