0.10115585327148435
0.1707740783691406
0.37390670776367185
0.35745582580566404
0.28736076354980467
0.22894821166992185
0.18007240295410154
0.08398971557617185
0.17029724121093748
0.24826011657714842
0.3081031799316406
0.2573200225830078
0.1822181701660156
0.06420097351074217
0.1276203155517578
0.24039230346679685
0.28497657775878904
0.23705444335937498
0.05013427734374998
0.16290626525878904
0.18341026306152342
0.3374286651611328
0.1078315734863281
0.18507919311523435
0.3729530334472656
0.06896934509277342
0.2089210510253906
0.08947334289550779

