0.1192756652832031
0.17506561279296873
0.35292587280273435
0.3565021514892578
0.290460205078125
0.22823295593261717
0.17935714721679685
0.07564506530761717
0.1638599395751953
0.23776969909667967
0.2794929504394531
0.2539821624755859
0.18007240295410154
0.062293624877929665
0.12618980407714842
0.2344318389892578
0.28235397338867185
0.23419342041015623
0.04846534729003904
0.15480003356933592
0.17864189147949217
0.3348060607910156
0.1002021789550781
0.18269500732421873
0.37581405639648435
0.06515464782714842
0.21130523681640623
0.08828124999999998

