0.1173683166503906
0.19795379638671873
0.35101852416992185
0.3512569427490234
0.28426132202148435
0.22537193298339842
0.1867481231689453
0.07874450683593748
0.16624412536621092
0.21607360839843748
0.2809234619140625
0.2649494171142578
0.18126449584960935
0.06443939208984373
0.12237510681152342
0.25493583679199217
0.35626373291015623
0.23586235046386717
0.06563148498535154
0.16219100952148435
0.18245658874511717
0.33075294494628904
0.08542022705078123
0.18317184448242185
0.3474422454833984
0.06825408935546873
0.2089210510253906
0.08661231994628904

