0.11379203796386717
0.20081481933593748
0.3736682891845703
0.3534027099609375
0.2940364837646484
0.22274932861328123
0.18174133300781248
0.07755241394042967
0.1676746368408203
0.2420612335205078
0.30858001708984373
0.25946578979492185
0.18126449584960935
0.06515464782714842
0.14311752319335935
0.2527900695800781
0.33075294494628904
0.23991546630859373
0.048942184448242165
0.15193901062011717
0.17792663574218748
0.33337554931640623
0.07683715820312498
0.19676170349121092
0.37533721923828123
0.06515464782714842
0.20462951660156248
0.09018859863281248

