0.11999092102050779
0.19008598327636717
0.37509880065917967
0.3526874542236328
0.2909370422363281
0.22513351440429685
0.17935714721679685
0.07707557678222654
0.16362152099609373
0.2382465362548828
0.3061958312988281
0.26852569580078123
0.18555603027343748
0.07183036804199217
0.12046775817871092
0.22394142150878904
0.3572174072265625
0.24063072204589842
0.04775009155273435
0.15909156799316404
0.1841255187988281
0.3417201995849609
0.0868507385253906
0.17983398437499998
0.3724761962890625
0.06992301940917967
0.21035156249999998
0.09114227294921873

