0.0963874816894531
0.16862831115722654
0.37724456787109373
0.35531005859375
0.26471099853515623
0.1943775177001953
0.1555152893066406
0.08136711120605467
0.17363510131835935
0.23991546630859373
0.2921291351318359
0.26709518432617185
0.18913230895996092
0.06324729919433592
0.13000450134277342
0.23729286193847654
0.29260597229003904
0.21297416687011717
0.04918060302734373
0.13000450134277342
0.18889389038085935
0.33456764221191404
0.0830360412597656
0.15694580078124998
0.37652931213378904
0.0715919494628906
0.2077289581298828
0.09686431884765623

