0.11856040954589842
0.1924701690673828
0.37152252197265623
0.35817108154296873
0.28688392639160154
0.22441825866699217
0.18317184448242185
0.08136711120605467
0.16552886962890623
0.24373016357421873
0.3035732269287109
0.2630420684814453
0.1803108215332031
0.07016143798828123
0.14717063903808592
0.22274932861328123
0.3588863372802734
0.24539909362792967
0.0601478576660156
0.1612373352050781
0.18174133300781248
0.3393360137939453
0.08279762268066404
0.1917549133300781
0.37652931213378904
0.06920776367187498
0.21249732971191404
0.09209594726562498

