0.09400329589843748
0.14192543029785154
0.2618499755859375
0.32574615478515623
0.26590309143066404
0.19795379638671873
0.1269050598144531
0.07612190246582029
0.1676746368408203
0.2248950958251953
0.25183639526367185
0.25898895263671873
0.18197975158691404
0.06157836914062498
0.1276203155517578
0.2153583526611328
0.26280364990234373
0.2153583526611328
0.0525184631347656
0.12809715270996092
0.18150291442871092
0.33003768920898435
0.053710556030273415
0.1593299865722656
0.3481575012207031
0.05108795166015623
500.726766204834
0.09209594726562498

