0.11975250244140623
0.19342384338378904
0.37319145202636717
0.36055526733398435
0.29117546081542967
0.2287097930908203
0.17983398437499998
0.08136711120605467
0.17172775268554685
0.24873695373535154
0.27806243896484373
0.26065788269042967
0.18054924011230467
0.06992301940917967
0.12523612976074217
0.26637992858886717
0.31239471435546873
0.23538551330566404
0.05013427734374998
0.15956840515136717
0.1822181701660156
0.3381439208984375
0.08470497131347654
0.1860328674316406
0.3767677307128906
0.06658515930175779
0.20367584228515623
0.09209594726562498

