0.09853324890136717
0.14907798767089842
0.3512569427490234
0.3545948028564453
0.26328048706054685
0.20248374938964842
0.11426887512207029
0.08661231994628904
0.20486793518066404
0.1745887756347656
0.28426132202148435
0.26089630126953123
0.18650970458984373
0.06682357788085935
0.13000450134277342
0.21607360839843748
0.2866455078125
0.2172657012939453
0.049895858764648415
0.13119659423828123
0.18436393737792967
0.3405281066894531
0.08351287841796873
0.16171417236328123
0.343865966796875
0.07373771667480467
0.21488151550292967
0.09209594726562498

