0.12428245544433592
0.1714893341064453
0.37390670776367185
0.37199935913085935
0.28378448486328123
0.22370300292968748
0.18841705322265623
0.08351287841796873
0.16934356689453123
0.2451606750488281
0.305718994140625
0.26590309143066404
0.17744979858398435
0.06920776367187498
0.14740905761718748
0.2585121154785156
0.28998336791992185
0.2420612335205078
0.05037269592285154
0.1555152893066406
0.18746337890624998
0.3336139678955078
0.10425529479980467
0.18341026306152342
0.37891349792480467
0.0754066467285156
0.21225891113281248
0.08923492431640623

