0.12022933959960935
0.21202049255371092
0.37509880065917967
0.3534027099609375
0.2947517395019531
0.2287097930908203
0.18150291442871092
0.08351287841796873
0.1707740783691406
0.23967704772949217
0.31358680725097654
0.2566047668457031
0.18174133300781248
0.0696846008300781
0.1421638488769531
0.22823295593261717
0.3321834564208984
0.23920021057128904
0.07302246093749998
0.15670738220214842
0.1791187286376953
0.3317066192626953
0.07826766967773435
0.18722496032714842
0.3748603820800781
0.07254562377929685
0.20534477233886717
0.08756599426269529

