0.12213668823242185
0.2000995635986328
0.37843666076660154
0.3545948028564453
0.2890296936035156
0.2306171417236328
0.20176849365234373
0.08279762268066404
0.16600570678710935
0.23967704772949217
0.30858001708984373
0.259942626953125
0.1784034729003906
0.0639625549316406
0.12070617675781248
0.26208839416503904
0.34458122253417967
0.2363391876220703
0.045127487182617165
0.15646896362304685
0.1829334259033203
0.3297992706298828
0.08518180847167967
0.18388710021972654
0.3755756378173828
0.07254562377929685
0.23276290893554685
0.09114227294921873

