0.11641464233398435
0.19652328491210935
0.3760524749755859
0.35030326843261717
0.30905685424804685
0.22894821166992185
0.1791187286376953
0.08232078552246092
0.17101249694824217
0.23872337341308592
0.30214271545410154
0.26590309143066404
0.1753040313720703
0.06873092651367185
0.14359436035156248
0.22847137451171873
0.33337554931640623
0.23681602478027342
0.049895858764648415
0.15885314941406248
0.18150291442871092
0.33385238647460935
0.08208236694335935
0.18341026306152342
0.37724456787109373
0.07445297241210935
0.21488151550292967
0.08899650573730467

