0.1192756652832031
0.19199333190917967
0.37652931213378904
0.35984001159667967
0.29141387939453123
0.2260871887207031
0.18126449584960935
0.08589706420898435
0.16862831115722654
0.21511993408203123
0.30786476135253904
0.26328048706054685
0.17816505432128904
0.07421455383300779
0.12642822265624998
0.22203407287597654
0.3379055023193359
0.24492225646972654
0.05323371887207029
0.15980682373046873
0.18627128601074217
0.336236572265625
0.09114227294921873
0.18650970458984373
0.3710456848144531
0.0734992980957031
0.20153007507324217
0.0982948303222656

