0.11665306091308592
0.17363510131835935
0.3748603820800781
0.3538795471191406
0.2909370422363281
0.23204765319824217
0.18007240295410154
0.08470497131347654
0.16672096252441404
0.24659118652343748
0.30786476135253904
0.259942626953125
0.17792663574218748
0.07254562377929685
0.14073333740234373
0.2558895111083984
0.2833076477050781
0.23276290893554685
0.05347213745117185
0.15789947509765623
0.18150291442871092
0.3328987121582031
0.10806999206542967
0.18364868164062498
0.3736682891845703
0.07063827514648435
0.20367584228515623
0.08661231994628904

