0.11975250244140623
0.19723854064941404
0.3736682891845703
0.3507801055908203
0.2864070892333984
0.23014030456542967
0.18269500732421873
0.08470497131347654
0.1657672882080078
0.24802169799804685
0.3054805755615234
0.2656646728515625
0.17744979858398435
0.06992301940917967
0.1257129669189453
0.26399574279785154
0.3252693176269531
0.23848495483398435
0.05132637023925779
0.1593299865722656
0.19270858764648435
0.33575973510742185
0.10806999206542967
0.18197975158691404
0.37462196350097654
0.07445297241210935
0.21297416687011717
0.09185752868652342

