0.11593780517578123
0.1955696105957031
0.3760524749755859
0.38034400939941404
0.2959438323974609
0.22656402587890623
0.1955696105957031
0.08732757568359373
0.1695819854736328
0.2413459777832031
0.30452690124511717
0.2680488586425781
0.17554244995117185
0.06563148498535154
0.1440711975097656
0.25326690673828123
0.2878376007080078
0.23848495483398435
0.04822692871093748
0.15789947509765623
0.1886554718017578
0.3419586181640625
0.10520896911621092
0.18507919311523435
0.37843666076660154
0.06539306640624998
0.20987472534179685
0.09185752868652342

