0.11403045654296873
0.1943775177001953
0.3519721984863281
0.35817108154296873
0.2921291351318359
0.22847137451171873
0.17935714721679685
0.0811286926269531
0.17435035705566404
0.24539909362792967
0.30524215698242185
0.2592273712158203
0.1791187286376953
0.06348571777343748
0.14359436035156248
0.2527900695800781
0.3145404815673828
0.2337165832519531
0.04822692871093748
0.1517005920410156
0.18269500732421873
0.3305145263671875
0.07969818115234373
0.17744979858398435
0.3760524749755859
0.0754066467285156
0.20796737670898435
0.0849433898925781

