0.11784515380859373
0.21511993408203123
0.374383544921875
0.3557868957519531
0.29189071655273435
0.2229877471923828
0.17959556579589842
0.07993659973144529
0.16529045104980467
0.24468383789062498
0.3061958312988281
0.25875053405761717
0.17768821716308592
0.0677772521972656
0.1333423614501953
0.22394142150878904
0.3545948028564453
0.23800811767578123
0.04560432434082029
0.15503845214843748
0.18007240295410154
0.33504447937011717
0.08446655273437498
0.18126449584960935
0.37319145202636717
0.07039985656738279
0.2031990051269531
0.08708915710449217

