0.1154609680175781
0.19962272644042967
0.37962875366210935
0.3569789886474609
0.2940364837646484
0.22894821166992185
0.17983398437499998
0.0887580871582031
0.16838989257812498
0.24349174499511717
0.305718994140625
0.26447257995605467
0.17625770568847654
0.06491622924804685
0.14526329040527342
0.2577968597412109
0.31358680725097654
0.23395500183105467
0.05108795166015623
0.15503845214843748
0.18341026306152342
0.33313713073730467
0.08184394836425779
0.18460235595703123
0.382012939453125
0.06873092651367185
0.2127357482910156
0.09209594726562498

