0.11760673522949217
0.17578086853027342
0.3760524749755859
0.3526874542236328
0.290460205078125
0.22179565429687498
0.1860328674316406
0.07945976257324217
0.16457519531249998
0.24468383789062498
0.31024894714355467
0.26089630126953123
0.1829334259033203
0.06563148498535154
0.11951408386230467
0.23991546630859373
0.28879127502441404
0.23157081604003904
0.050849533081054665
0.15909156799316404
0.17792663574218748
0.3343292236328125
0.11236152648925779
0.1810260772705078
0.3724761962890625
0.06825408935546873
0.20987472534179685
0.09185752868652342

