0.09400329589843748
0.17554244995117185
0.4008480072021484
0.3545948028564453
0.2954669952392578
0.2203651428222656
0.18436393737792967
0.08041343688964842
0.17125091552734373
0.24349174499511717
0.2821155548095703
0.2623268127441406
0.18650970458984373
0.07063827514648435
0.1269050598144531
0.2337165832519531
0.2847381591796875
0.23514709472656248
0.056571578979492165
0.1555152893066406
0.18388710021972654
0.3321834564208984
0.10926208496093748
0.18269500732421873
0.3584095001220703
0.07445297241210935
0.21416625976562498
0.09161911010742185

