0.1173683166503906
0.18960914611816404
0.3793903350830078
0.35745582580566404
0.28759918212890623
0.22155723571777342
0.1803108215332031
0.08160552978515623
0.1650520324707031
0.2439685821533203
0.30524215698242185
0.26089630126953123
0.17959556579589842
0.06467781066894529
0.12666664123535154
0.22942504882812498
0.3114410400390625
0.23800811767578123
0.05204162597656248
0.16457519531249998
0.17888031005859373
0.3374286651611328
0.0830360412597656
0.1848407745361328
0.3805824279785156
0.06944618225097654
0.21249732971191404
0.0906654357910156

