0.09233436584472654
0.16862831115722654
0.3431507110595703
0.35101852416992185
0.2921291351318359
0.1943775177001953
0.1478858947753906
0.07469139099121092
0.19080123901367185
0.21511993408203123
0.2809234619140625
0.25898895263671873
0.1791187286376953
0.060386276245117165
0.12618980407714842
0.21511993408203123
0.28354606628417967
0.2108283996582031
0.052756881713867165
0.13167343139648435
0.18555603027343748
0.3343292236328125
0.07898292541503904
0.1581378936767578
0.34720382690429685
0.07421455383300779
0.2325244903564453
0.08851966857910154

