0.11903724670410154
0.18555603027343748
0.35483322143554685
0.3545948028564453
0.26208839416503904
0.25517425537109373
0.18341026306152342
0.07373771667480467
0.1714893341064453
0.21941146850585935
0.28569183349609373
0.2561279296875
0.17578086853027342
0.06443939208984373
0.12428245544433592
0.22203407287597654
0.362939453125
0.23490867614746092
0.054664230346679665
0.16266784667968748
0.18317184448242185
0.33385238647460935
0.08208236694335935
0.1841255187988281
0.35364112854003904
0.07445297241210935
0.20606002807617185
0.0868507385253906

