0.09757957458496092
0.17315826416015623
0.3958412170410156
0.35602531433105467
0.2699562072753906
0.20272216796874998
0.1631446838378906
0.0868507385253906
0.16624412536621092
0.24921379089355467
0.28163871765136717
0.2668567657470703
0.1822181701660156
0.06753883361816404
0.12475929260253904
0.23896179199218748
0.2902217864990234
0.2165504455566406
0.05132637023925779
0.1326271057128906
0.18126449584960935
0.34791908264160154
0.07826766967773435
0.18388710021972654
0.37533721923828123
0.10330162048339842
0.2058216094970703
0.09281120300292967

