0.09495697021484373
0.17816505432128904
0.34791908264160154
0.3634162902832031
0.29117546081542967
0.2248950958251953
0.1898475646972656
0.08136711120605467
0.16719779968261717
0.2420612335205078
0.2821155548095703
0.2642341613769531
0.17506561279296873
0.07206878662109373
0.12905082702636717
0.24420700073242185
0.2923675537109375
0.2394386291503906
0.05204162597656248
0.16147575378417967
0.17888031005859373
0.33885917663574217
0.10354003906249998
0.18460235595703123
0.3779598236083984
0.07016143798828123
0.21297416687011717
0.08446655273437498

