0.12165985107421873
0.19914588928222654
0.3781982421875
0.37772140502929685
0.29308280944824217
0.22131881713867185
0.17935714721679685
0.0811286926269531
0.17220458984374998
0.2191730499267578
0.30524215698242185
0.2618499755859375
0.17888031005859373
0.0677772521972656
0.12475929260253904
0.25946578979492185
0.33122978210449217
0.23276290893554685
0.05156478881835935
0.15480003356933592
0.18698654174804685
0.33647499084472654
0.08470497131347654
0.18436393737792967
0.3736682891845703
0.07230720520019529
0.20939788818359373
0.09328804016113279

