0.09734115600585935
0.16552886962890623
0.39107284545898435
0.35292587280273435
0.2654262542724609
0.1943775177001953
0.15456161499023435
0.08375129699707029
0.16099891662597654
0.25064430236816404
0.27162513732910154
0.26089630126953123
0.17506561279296873
0.06682357788085935
0.12523612976074217
0.22537193298339842
0.29069862365722654
0.21321258544921873
0.04775009155273435
0.1555152893066406
0.1848407745361328
0.33766708374023435
0.07826766967773435
0.18269500732421873
0.37390670776367185
0.07373771667480467
0.21106681823730467
0.08518180847167967

