0.09519538879394529
0.17196617126464842
0.3755756378173828
0.35030326843261717
0.29427490234375
0.2000995635986328
0.16552886962890623
0.0849433898925781
0.16219100952148435
0.25326690673828123
0.28163871765136717
0.26447257995605467
0.17768821716308592
0.06658515930175779
0.12189826965332029
0.23776969909667967
0.2923675537109375
0.24039230346679685
0.047034835815429665
0.15956840515136717
0.22346458435058592
0.33885917663574217
0.10878524780273435
0.19294700622558592
0.3684230804443359
0.07397613525390623
0.20915946960449217
0.09281120300292967

