0.10067901611328123
0.17315826416015623
0.3755756378173828
0.35984001159667967
0.2661415100097656
0.19986114501953123
0.16552886962890623
0.08470497131347654
0.16982040405273435
0.24754486083984373
0.24110755920410154
0.26089630126953123
0.1829334259033203
0.06992301940917967
0.1230903625488281
0.24921379089355467
0.2847381591796875
0.23419342041015623
0.0506111145019531
0.15766105651855467
0.17959556579589842
0.3381439208984375
0.0734992980957031
0.20653686523437498
0.3779598236083984
0.07183036804199217
0.21440467834472654
0.0982948303222656

