0.1230903625488281
0.20176849365234373
0.37509880065917967
0.3545948028564453
0.2940364837646484
0.22274932861328123
0.18436393737792967
0.07755241394042967
0.17053565979003904
0.21392784118652342
0.3088184356689453
0.2580352783203125
0.1745887756347656
0.06324729919433592
0.13238868713378904
0.2203651428222656
0.3381439208984375
0.23872337341308592
0.05299530029296873
0.15313110351562498
0.18054924011230467
0.33695182800292967
0.0792213439941406
0.1860328674316406
0.37652931213378904
0.07492980957031248
0.21392784118652342
0.08899650573730467

