0.12094459533691404
0.17554244995117185
0.37581405639648435
0.35483322143554685
0.29141387939453123
0.21893463134765623
0.18078765869140623
0.08398971557617185
0.1669593811035156
0.23967704772949217
0.3069110870361328
0.2616115570068359
0.17935714721679685
0.06992301940917967
0.14645538330078123
0.24086914062499998
0.28616867065429685
0.23920021057128904
0.05037269592285154
0.15599212646484373
0.18770179748535154
0.33957443237304685
0.10354003906249998
0.18627128601074217
0.37080726623535154
0.07254562377929685
0.2070137023925781
0.0868507385253906

