0.09734115600585935
0.13286552429199217
0.26852569580078123
0.3379055023193359
0.27138671875
0.20462951660156248
0.13429603576660154
0.0868507385253906
0.17411193847656248
0.2203651428222656
0.2604194641113281
0.26781044006347654
0.18364868164062498
0.0734992980957031
0.1307197570800781
0.2165504455566406
0.2718635559082031
0.2165504455566406
0.054664230346679665
0.13811073303222654
0.18436393737792967
0.3405281066894531
0.05967102050781248
0.1733966827392578
0.3457733154296875
0.07850608825683592
0.20844421386718748
0.10044059753417967

