0.1257129669189453
0.1943775177001953
0.3507801055908203
0.35244903564453123
0.29427490234375
0.23014030456542967
0.17959556579589842
0.07659873962402342
0.17005882263183592
0.2382465362548828
0.30405006408691404
0.26137313842773435
0.17983398437499998
0.0715919494628906
0.17578086853027342
0.22561035156249998
0.3576942443847656
0.2375312805175781
0.05228004455566404
0.15646896362304685
0.1860328674316406
0.32956085205078123
0.08708915710449217
0.18054924011230467
0.37319145202636717
0.06610832214355467
0.20606002807617185
0.09018859863281248

