0.09281120300292967
0.17053565979003904
0.40323219299316404
0.35602531433105467
0.2687641143798828
0.1974769592285156
0.15789947509765623
0.0849433898925781
0.16409835815429685
0.2420612335205078
0.2787776947021484
0.25636634826660154
0.17888031005859373
0.06372413635253904
0.12714347839355467
0.23705444335937498
0.2821155548095703
0.22370300292968748
0.05132637023925779
0.1333423614501953
0.1764961242675781
0.33075294494628904
0.0792213439941406
0.1612373352050781
0.3805824279785156
0.07445297241210935
0.23610076904296873
0.09352645874023435

