0.09471855163574217
0.1486011505126953
0.2611347198486328
0.32765350341796873
0.2661415100097656
0.20844421386718748
0.13739547729492185
0.08589706420898435
0.1733966827392578
0.22203407287597654
0.2592273712158203
0.2616115570068359
0.18317184448242185
0.0715919494628906
0.13477287292480467
0.21440467834472654
0.27019462585449217
0.19151649475097654
0.053710556030273415
0.13739547729492185
0.18579444885253904
0.33909759521484373
0.0544258117675781
0.1574226379394531
0.35101852416992185
0.07588348388671873
0.16672096252441404
0.09185752868652342

