0.1002021789550781
0.1440711975097656
0.2649494171142578
0.32693824768066404
0.2699562072753906
0.1993843078613281
0.13238868713378904
0.08732757568359373
0.2000995635986328
0.2241798400878906
0.24826011657714842
0.27353248596191404
0.1867481231689453
0.07039985656738279
0.13191184997558592
0.22060356140136717
0.2959438323974609
0.21321258544921873
0.05228004455566404
0.13429603576660154
0.19032440185546873
0.33719024658203123
0.08327445983886717
0.1619525909423828
0.34982643127441404
0.07945976257324217
0.21511993408203123
0.09376487731933592

