0.06992301940917967
0.18269500732421873
0.25875053405761717
0.38225135803222654
0.652379608154297
0.16338310241699217
0.09161911010742185
0.10115585327148435
0.20343742370605467
0.3202625274658203
0.6626316070556642
0.34267387390136717
0.1867481231689453
0.15694580078124998
0.19103965759277342
0.4385181427001953
0.3450580596923828
0.2871223449707031
0.12046775817871092
0.25183639526367185
0.22751770019531248
0.2344318389892578
0.13548812866210935
0.12833557128906248
0.16219100952148435
0.09161911010742185
0.1371570587158203
0.10139427185058592

