0.07230720520019529
0.1829334259033203
0.26256523132324217
0.38606605529785154
0.6261535644531251
0.1676746368408203
0.09042701721191404
0.10640106201171873
0.20606002807617185
0.3183551788330078
0.5849071502685548
0.34148178100585935
0.19533119201660154
0.15122375488281248
0.19485435485839842
0.44376335144042967
0.3519721984863281
0.29141387939453123
0.11522254943847654
0.2451606750488281
0.23228607177734373
0.2337165832519531
0.1364418029785156
0.13548812866210935
0.16648254394531248
0.0906654357910156
0.14073333740234373
0.1040168762207031

