0.07278404235839842
0.16529045104980467
0.2604194641113281
0.36007843017578123
0.40585479736328123
0.16862831115722654
0.08923492431640623
0.10735473632812498
0.1791187286376953
0.2923675537109375
0.5272098541259767
0.3462501525878906
0.1650520324707031
0.15336952209472654
0.19223175048828123
0.4466243743896484
0.36127052307128904
0.2961822509765625
0.11259994506835935
0.2413459777832031
0.22847137451171873
0.23014030456542967
0.1486011505126953
0.1409717559814453
0.16862831115722654
0.09209594726562498
0.14001808166503904
0.10449371337890623

