0.07254562377929685
0.15670738220214842
0.25374374389648435
0.3843971252441406
0.4034706115722656
0.16529045104980467
0.08446655273437498
0.10187110900878904
0.17625770568847654
0.2883144378662109
0.5551048278808595
0.31597099304199217
0.16600570678710935
0.15694580078124998
0.18364868164062498
0.4409023284912109
0.35173377990722654
0.2673336029052734
0.11450729370117185
0.24229965209960935
0.24444541931152342
0.2279945373535156
0.1352497100830078
0.1402565002441406
0.1574226379394531
0.09018859863281248
0.13668022155761717
0.09495697021484373

