0.06825408935546873
0.16028366088867185
0.2616115570068359
0.37915191650390623
0.6075569152832032
0.1631446838378906
0.0925727844238281
0.09781799316406248
0.20081481933593748
0.3157325744628906
0.5829998016357423
0.33885917663574217
0.15837631225585935
0.15336952209472654
0.18317184448242185
0.4423328399658203
0.3469654083251953
0.28688392639160154
0.11331520080566404
0.24301490783691404
0.2241798400878906
0.23014030456542967
0.13668022155761717
0.13691864013671873
0.2020069122314453
0.08518180847167967
0.14073333740234373
0.10091743469238279

