0.07850608825683592
0.15718421936035154
0.2618499755859375
0.3264614105224609
0.40370903015136717
0.16910514831542967
0.09328804016113279
0.09853324890136717
0.1772113800048828
0.29260597229003904
0.4766651153564453
0.3245540618896484
0.16719779968261717
0.1581378936767578
0.1924701690673828
0.4499622344970703
0.3526874542236328
0.2947517395019531
0.11426887512207029
0.2566047668457031
0.2356239318847656
0.23204765319824217
0.14168701171874998
0.13954124450683592
0.16409835815429685
0.0906654357910156
0.1459785461425781
0.10449371337890623

