0.07516822814941404
0.1517005920410156
0.26208839416503904
0.3817745208740234
0.4244514465332031
0.15789947509765623
0.08923492431640623
0.09948692321777342
0.18126449584960935
0.28807601928710935
0.555343246459961
0.31787834167480467
0.16409835815429685
0.1536079406738281
0.1848407745361328
0.4404254913330078
0.34481964111328123
0.2668567657470703
0.11712989807128904
0.24659118652343748
0.24611434936523435
0.22584877014160154
0.14049491882324217
0.13429603576660154
0.1555152893066406
0.0868507385253906
0.14740905761718748
0.09948692321777342

