0.0715919494628906
0.17816505432128904
0.25946578979492185
0.37915191650390623
0.6037422180175782
0.1638599395751953
0.0963874816894531
0.09781799316406248
0.2039142608642578
0.31287155151367185
0.5832382202148438
0.34791908264160154
0.18364868164062498
0.15861473083496092
0.1898475646972656
0.443048095703125
0.35244903564453123
0.28378448486328123
0.11522254943847654
0.24277648925781248
0.22656402587890623
0.2306171417236328
0.13858757019042967
0.14335594177246092
0.15766105651855467
0.0887580871582031
0.14717063903808592
0.10306320190429685

