0.07183036804199217
0.1791187286376953
0.25875053405761717
0.382012939453125
0.39822540283203123
0.16552886962890623
0.08208236694335935
0.10139427185058592
0.20486793518066404
0.313348388671875
0.5615421295166017
0.3469654083251953
0.1631446838378906
0.15456161499023435
0.1898475646972656
0.44400177001953123
0.35364112854003904
0.2902217864990234
0.12356719970703123
0.24826011657714842
0.23228607177734373
0.23776969909667967
0.13572654724121092
0.13787231445312498
0.16481361389160154
0.08613548278808592
0.1447864532470703
0.0963874816894531

