0.07516822814941404
0.17864189147949217
0.2585121154785156
0.37772140502929685
0.6328292846679688
0.16052207946777342
0.08923492431640623
0.10091743469238279
0.20844421386718748
0.3169246673583984
0.6111331939697267
0.3457733154296875
0.19223175048828123
0.1524158477783203
0.19103965759277342
0.4416175842285156
0.3457733154296875
0.2871223449707031
0.10878524780273435
0.24682960510253904
0.23109397888183592
0.23085556030273435
0.13048133850097654
0.13668022155761717
0.16672096252441404
0.09805641174316404
0.13691864013671873
0.10354003906249998

