0.07469139099121092
0.15885314941406248
0.26089630126953123
0.3851123809814453
0.6228157043457032
0.16457519531249998
0.0868507385253906
0.10258636474609373
0.20176849365234373
0.29642066955566404
0.5918212890625001
0.32169303894042967
0.1631446838378906
0.16242942810058592
0.19843063354492185
0.44400177001953123
0.3488727569580078
0.29308280944824217
0.12070617675781248
0.25135955810546873
0.22584877014160154
0.23705444335937498
0.13572654724121092
0.13596496582031248
0.1688667297363281
0.09543380737304685
0.14526329040527342
0.10115585327148435

