0.0677772521972656
0.16052207946777342
0.2730556488037109
0.37533721923828123
0.604934310913086
0.20629844665527342
0.08279762268066404
0.09376487731933592
0.2020069122314453
0.31859359741210935
0.5527206420898438
0.34148178100585935
0.1619525909423828
0.15074691772460935
0.18650970458984373
0.44185600280761717
0.3507801055908203
0.28378448486328123
0.11689147949218748
0.2439685821533203
0.22274932861328123
0.2279945373535156
0.1345344543457031
0.13429603576660154
0.15646896362304685
0.0887580871582031
0.14430961608886717
0.09877166748046873

