0.07945976257324217
0.18197975158691404
0.2566047668457031
0.37843666076660154
0.6309219360351563
0.17291984558105467
0.08995018005371092
0.10377845764160154
0.2039142608642578
0.31597099304199217
0.6373592376708985
0.3431507110595703
0.19008598327636717
0.15909156799316404
0.1879402160644531
0.44900856018066404
0.351495361328125
0.30953369140625
0.11712989807128904
0.24682960510253904
0.22751770019531248
0.22847137451171873
0.1364418029785156
0.13620338439941404
0.16147575378417967
0.09114227294921873
0.1409717559814453
0.1078315734863281

