0.07016143798828123
0.15909156799316404
0.2592273712158203
0.3839202880859375
0.6044574737548829
0.18007240295410154
0.09114227294921873
0.10330162048339842
0.2039142608642578
0.31859359741210935
0.5603500366210938
0.3457733154296875
0.15694580078124998
0.18126449584960935
0.18698654174804685
0.44185600280761717
0.34982643127441404
0.3114410400390625
0.11236152648925779
0.24229965209960935
0.23991546630859373
0.24277648925781248
0.13668022155761717
0.14430961608886717
0.16481361389160154
0.09686431884765623
0.14693222045898435
0.09924850463867185

