0.10544738769531248
0.20749053955078123
0.37342987060546873
0.485009765625
0.6251998901367188
0.21106681823730467
0.08899650573730467
0.1276203155517578
0.25565109252929685
0.35984001159667967
0.526494598388672
0.4442401885986328
0.19151649475097654
0.1497932434082031
0.18817863464355467
0.33146820068359373
0.38034400939941404
0.3305145263671875
0.11116943359374998
0.23681602478027342
0.2749629974365234
0.22942504882812498
0.14144859313964842
0.16648254394531248
0.18770179748535154
0.09352645874023435
0.14717063903808592
0.1040168762207031

