0.10282478332519529
0.20367584228515623
0.37509880065917967
0.48596343994140623
0.7653900146484376
0.19032440185546873
0.08518180847167967
0.1257129669189453
0.2542205810546875
0.332421875
0.5524822235107423
0.4442401885986328
0.18770179748535154
0.14740905761718748
0.1784034729003906
0.38296661376953123
0.37390670776367185
0.3290840148925781
0.10759315490722654
0.259942626953125
0.27472457885742185
0.22918663024902342
0.16028366088867185
0.15861473083496092
0.17864189147949217
0.10854682922363279
0.1402565002441406
0.10258636474609373

