0.09543380737304685
0.20939788818359373
0.28426132202148435
0.4606910705566406
0.2890296936035156
0.19270858764648435
0.08971176147460935
0.13429603576660154
0.23204765319824217
0.34267387390136717
0.43303451538085935
0.4499622344970703
0.1924701690673828
0.14955482482910154
0.18531761169433592
0.30953369140625
0.37843666076660154
0.3348060607910156
0.11832199096679685
0.19151649475097654
0.27973136901855467
0.22465667724609373
0.10568580627441404
0.16624412536621092
0.1879402160644531
0.18627128601074217
0.20558319091796873
0.09781799316406248

