0.10950050354003904
0.21798095703124998
0.3786750793457031
0.4835792541503906
0.7436939239501954
0.1924701690673828
0.09877166748046873
0.12738189697265623
0.2561279296875
0.36556205749511717
0.5579658508300782
0.4544921875
0.18531761169433592
0.15146217346191404
0.18722496032714842
0.3607936859130859
0.3767677307128906
0.3374286651611328
0.1116462707519531
0.24229965209960935
0.28116188049316404
0.23347816467285154
0.15789947509765623
0.16862831115722654
0.18197975158691404
0.09233436584472654
0.15098533630371092
0.10425529479980467

