0.10139427185058592
0.2115436553955078
0.28426132202148435
0.4614063262939453
0.2878376007080078
0.18579444885253904
0.08470497131347654
0.12523612976074217
0.23157081604003904
0.34028968811035154
0.45473060607910154
0.45163116455078123
0.1867481231689453
0.1497932434082031
0.1829334259033203
0.30285797119140623
0.37056884765625
0.33266029357910154
0.1135536193847656
0.1943775177001953
0.28354606628417967
0.22704086303710935
0.10139427185058592
0.15980682373046873
0.1841255187988281
0.17315826416015623
0.20343742370605467
0.10044059753417967

