0.10044059753417967
0.21225891113281248
0.27925453186035154
0.45282325744628904
0.2852149963378906
0.19390068054199217
0.08995018005371092
0.13191184997558592
0.22727928161621092
0.33885917663574217
0.45330009460449217
0.44400177001953123
0.18436393737792967
0.15646896362304685
0.18722496032714842
0.3088184356689453
0.3736682891845703
0.3302761077880859
0.11140785217285154
0.1917549133300781
0.2809234619140625
0.23157081604003904
0.09710273742675779
0.1574226379394531
0.18197975158691404
0.17554244995117185
0.20844421386718748
0.09972534179687498

