0.09495697021484373
0.21202049255371092
0.2744861602783203
0.4537769317626953
0.28044662475585935
0.1924701690673828
0.0925727844238281
0.1295276641845703
0.22155723571777342
0.33957443237304685
0.427789306640625
0.44185600280761717
0.19008598327636717
0.15336952209472654
0.18770179748535154
0.30643424987792967
0.37009201049804685
0.332421875
0.11093101501464842
0.19294700622558592
0.282830810546875
0.22894821166992185
0.09781799316406248
0.15789947509765623
0.17792663574218748
0.16052207946777342
0.20439109802246092
0.09376487731933592

