0.10187110900878904
0.20868263244628904
0.27734718322753904
0.45520744323730467
0.28879127502441404
0.18507919311523435
0.08971176147460935
0.1276203155517578
0.22847137451171873
0.34076652526855467
0.42850456237792967
0.46212158203125
0.18364868164062498
0.14526329040527342
0.18555603027343748
0.2999969482421875
0.3767677307128906
0.3359981536865234
0.10878524780273435
0.1955696105957031
0.282830810546875
0.23109397888183592
0.10091743469238279
0.16457519531249998
0.1841255187988281
0.1714893341064453
0.20939788818359373
0.09901008605957029

