0.0982948303222656
0.20868263244628904
0.29379806518554685
0.4754730224609375
0.2923675537109375
0.18937072753906248
0.09662590026855467
0.13095817565917967
0.22584877014160154
0.3431507110595703
0.4327960968017578
0.4487701416015625
0.1879402160644531
0.15074691772460935
0.18817863464355467
0.27996978759765623
0.38153610229492185
0.33766708374023435
0.10735473632812498
0.18889389038085935
0.27543983459472654
0.2344318389892578
0.11069259643554685
0.15885314941406248
0.18507919311523435
0.19390068054199217
0.2515979766845703
0.10091743469238279

