0.09114227294921873
0.21559677124023435
0.3004737854003906
0.4504390716552734
0.282830810546875
0.19342384338378904
0.09495697021484373
0.12595138549804685
0.2558895111083984
0.33719024658203123
0.42659721374511717
0.4409023284912109
0.18174133300781248
0.14740905761718748
0.17959556579589842
0.30023536682128904
0.37080726623535154
0.33266029357910154
0.10163269042968748
0.19103965759277342
0.27806243896484373
0.23133239746093748
0.09901008605957029
0.16242942810058592
0.18341026306152342
0.16481361389160154
0.19485435485839842
0.09996376037597654

