0.1021095275878906
0.21011314392089842
0.28569183349609373
0.458306884765625
0.29141387939453123
0.1924701690673828
0.09233436584472654
0.12976608276367185
0.22704086303710935
0.3474422454833984
0.42659721374511717
0.4466243743896484
0.18817863464355467
0.14621696472167967
0.18770179748535154
0.305718994140625
0.37533721923828123
0.3436275482177734
0.11212310791015623
0.19199333190917967
0.2802082061767578
0.23610076904296873
0.11426887512207029
0.16552886962890623
0.18054924011230467
0.1669593811035156
0.20248374938964842
0.10067901611328123

