0.10234794616699217
0.21011314392089842
0.30667266845703123
0.45735321044921873
0.2871223449707031
0.19223175048828123
0.08828124999999998
0.12547454833984373
0.25326690673828123
0.3476806640625
0.42159042358398435
0.45139274597167967
0.18627128601074217
0.14764747619628904
0.17935714721679685
0.3023811340332031
0.37390670776367185
0.3283687591552734
0.11140785217285154
0.1943775177001953
0.2871223449707031
0.24611434936523435
0.09686431884765623
0.15766105651855467
0.17744979858398435
0.16648254394531248
0.20296058654785154
0.0982948303222656

