0.1002021789550781
0.2096363067626953
0.2814002990722656
0.4823871612548828
0.28688392639160154
0.1993843078613281
0.09114227294921873
0.12738189697265623
0.22656402587890623
0.3393360137939453
0.43184242248535154
0.4499622344970703
0.18364868164062498
0.15265426635742185
0.18197975158691404
0.3088184356689453
0.37533721923828123
0.35602531433105467
0.1097389221191406
0.1936622619628906
0.28187713623046873
0.23037872314453123
0.09591064453124998
0.15646896362304685
0.17697296142578123
0.17315826416015623
0.25135955810546873
0.09781799316406248

