0.0944801330566406
0.21178207397460935
0.30858001708984373
0.4575916290283203
0.2825923919677734
0.19342384338378904
0.08446655273437498
0.12785873413085935
0.25183639526367185
0.34291229248046873
0.4256435394287109
0.43947181701660154
0.18770179748535154
0.1524158477783203
0.18150291442871092
0.29904327392578123
0.37390670776367185
0.33385238647460935
0.10950050354003904
0.19032440185546873
0.2844997406005859
0.23395500183105467
0.09734115600585935
0.16743621826171873
0.1810260772705078
0.17291984558105467
0.20629844665527342
0.09877166748046873

