0.10139427185058592
0.20462951660156248
0.27996978759765623
0.46116790771484373
0.28354606628417967
0.19223175048828123
0.08971176147460935
0.13286552429199217
0.2279945373535156
0.33909759521484373
0.4525848388671875
0.4473396301269531
0.1905628204345703
0.15193901062011717
0.18341026306152342
0.305718994140625
0.37390670776367185
0.3328987121582031
0.10806999206542967
0.19461593627929685
0.2802082061767578
0.23300132751464842
0.09901008605957029
0.15956840515136717
0.18555603027343748
0.16481361389160154
0.19866905212402342
0.09948692321777342

