0.09400329589843748
0.20606002807617185
0.28354606628417967
0.45473060607910154
0.2847381591796875
0.18436393737792967
0.08851966857910154
0.12666664123535154
0.22847137451171873
0.34076652526855467
0.427789306640625
0.44328651428222654
0.18507919311523435
0.15384635925292967
0.18269500732421873
0.30524215698242185
0.37271461486816404
0.3348060607910156
0.11212310791015623
0.19342384338378904
0.28044662475585935
0.23037872314453123
0.10091743469238279
0.16076049804687498
0.18197975158691404
0.16338310241699217
0.20462951660156248
0.09901008605957029

