0.09805641174316404
0.21011314392089842
0.2806850433349609
0.4602142333984375
0.29189071655273435
0.19342384338378904
0.08971176147460935
0.13048133850097654
0.2260871887207031
0.3431507110595703
0.423974609375
0.4466243743896484
0.1714893341064453
0.15217742919921873
0.1898475646972656
0.305718994140625
0.37724456787109373
0.33575973510742185
0.11259994506835935
0.2451606750488281
0.27901611328125
0.22823295593261717
0.10497055053710935
0.16457519531249998
0.21225891113281248
0.1714893341064453
0.20558319091796873
0.0963874816894531

