0.1040168762207031
0.21058998107910154
0.31287155151367185
0.4580684661865234
0.29141387939453123
0.19962272644042967
0.09138069152832029
0.12785873413085935
0.2268024444580078
0.33885917663574217
0.38654289245605467
0.44757804870605467
0.18722496032714842
0.15265426635742185
0.18507919311523435
0.2844997406005859
0.3793903350830078
0.33766708374023435
0.11641464233398435
0.19032440185546873
0.27925453186035154
0.2356239318847656
0.0982948303222656
0.16147575378417967
0.18364868164062498
0.19103965759277342
0.25565109252929685
0.09757957458496092

