0.09757957458496092
0.2089210510253906
0.3107257843017578
0.45663795471191404
0.28998336791992185
0.1898475646972656
0.07302246093749998
0.12618980407714842
0.22847137451171873
0.33766708374023435
0.4308887481689453
0.4389949798583984
0.18579444885253904
0.1505084991455078
0.18698654174804685
0.30333480834960935
0.37390670776367185
0.33504447937011717
0.11069259643554685
0.19413909912109373
0.27996978759765623
0.2306171417236328
0.09424171447753904
0.15599212646484373
0.18078765869140623
0.16481361389160154
0.2031990051269531
0.10258636474609373

