0.10115585327148435
0.2299018859863281
0.28306922912597654
0.45854530334472654
0.2847381591796875
0.18937072753906248
0.08422813415527342
0.12738189697265623
0.22894821166992185
0.3424354553222656
0.43065032958984373
0.45020065307617185
0.18627128601074217
0.1505084991455078
0.1867481231689453
0.3050037384033203
0.37772140502929685
0.33122978210449217
0.11212310791015623
0.1981922149658203
0.28426132202148435
0.2318092346191406
0.0963874816894531
0.1657672882080078
0.18627128601074217
0.19676170349121092
0.20033798217773435
0.09996376037597654

