0.10282478332519529
0.20796737670898435
0.36961517333984373
0.4766651153564453
0.822372055053711
0.1962848663330078
0.08422813415527342
0.12094459533691404
0.2260871887207031
0.36818466186523435
0.608749008178711
0.44757804870605467
0.1848407745361328
0.15885314941406248
0.18555603027343748
0.5872913360595704
0.37319145202636717
0.3379055023193359
0.11522254943847654
0.29499015808105467
0.2787776947021484
0.22751770019531248
0.15527687072753904
0.16409835815429685
0.1860328674316406
0.10997734069824217
0.1352497100830078
0.09901008605957029

