0.09519538879394529
0.21249732971191404
0.3038116455078125
0.4561611175537109
0.28998336791992185
0.18913230895996092
0.0811286926269531
0.12905082702636717
0.22561035156249998
0.34219703674316404
0.4563995361328125
0.44185600280761717
0.19032440185546873
0.1505084991455078
0.1860328674316406
0.27806243896484373
0.38988075256347654
0.332421875
0.11212310791015623
0.19580802917480467
0.2783008575439453
0.2337165832519531
0.09805641174316404
0.16147575378417967
0.18317184448242185
0.19771537780761717
0.25255165100097654
0.11188468933105467

