0.09686431884765623
0.21202049255371092
0.27734718322753904
0.45854530334472654
0.2866455078125
0.18817863464355467
0.08851966857910154
0.1230903625488281
0.22751770019531248
0.33838233947753904
0.4282661437988281
0.4499622344970703
0.19223175048828123
0.15146217346191404
0.18817863464355467
0.30524215698242185
0.37271461486816404
0.336236572265625
0.11331520080566404
0.19533119201660154
0.2783008575439453
0.22632560729980467
0.1002021789550781
0.15861473083496092
0.17673454284667967
0.1249977111816406
0.19962272644042967
0.09710273742675779

