0.08613548278808592
0.19914588928222654
0.3016658782958984
0.47237358093261717
0.27973136901855467
0.1810260772705078
0.08327445983886717
0.11617622375488279
0.21988830566406248
0.3381439208984375
0.44185600280761717
0.43827972412109373
0.17768821716308592
0.14454803466796873
0.17482719421386717
0.2890296936035156
0.3691383361816406
0.3328987121582031
0.09209594726562498
0.19866905212402342
0.2802082061767578
0.23920021057128904
0.10306320190429685
0.15503845214843748
0.1841255187988281
0.16982040405273435
0.22918663024902342
0.10091743469238279

