0.09996376037597654
0.20534477233886717
0.3030963897705078
0.4575916290283203
0.28807601928710935
0.1905628204345703
0.09114227294921873
0.12785873413085935
0.2508827209472656
0.34100494384765623
0.42492828369140623
0.450677490234375
0.19223175048828123
0.11760673522949217
0.18555603027343748
0.31024894714355467
0.37700614929199217
0.3393360137939453
0.11093101501464842
0.19676170349121092
0.2821155548095703
0.23133239746093748
0.09972534179687498
0.16362152099609373
0.1867481231689453
0.1688667297363281
0.20629844665527342
0.1021095275878906

