0.10926208496093748
0.21178207397460935
0.3748603820800781
0.48262557983398435
0.7665821075439454
0.19342384338378904
0.09304962158203123
0.12547454833984373
0.24826011657714842
0.3660388946533203
0.5605884552001954
0.4544921875
0.18722496032714842
0.1612373352050781
0.18507919311523435
0.36317787170410154
0.37080726623535154
0.33075294494628904
0.11522254943847654
0.26590309143066404
0.2890296936035156
0.22894821166992185
0.15575370788574217
0.15503845214843748
0.18960914611816404
0.09519538879394529
0.14526329040527342
0.10139427185058592

