0.09996376037597654
0.20534477233886717
0.27996978759765623
0.4511543273925781
0.27925453186035154
0.18197975158691404
0.08923492431640623
0.12165985107421873
0.22346458435058592
0.33456764221191404
0.4296966552734375
0.4404254913330078
0.18650970458984373
0.14693222045898435
0.18460235595703123
0.30524215698242185
0.37080726623535154
0.3328987121582031
0.10759315490722654
0.19413909912109373
0.2809234619140625
0.23514709472656248
0.09853324890136717
0.15789947509765623
0.18507919311523435
0.1688667297363281
0.2287097930908203
0.09781799316406248

