0.10139427185058592
0.20915946960449217
0.301904296875
0.4511543273925781
0.28736076354980467
0.19890747070312498
0.08518180847167967
0.12332878112792967
0.25135955810546873
0.3374286651611328
0.43065032958984373
0.44686279296875
0.18555603027343748
0.1524158477783203
0.18078765869140623
0.30452690124511717
0.3729530334472656
0.32765350341796873
0.11617622375488279
0.1905628204345703
0.27663192749023435
0.22632560729980467
0.09614906311035154
0.15384635925292967
0.18054924011230467
0.16457519531249998
0.20272216796874998
0.09805641174316404

