0.10044059753417967
0.21607360839843748
0.37533721923828123
0.48453292846679685
0.6237693786621095
0.2153583526611328
0.09877166748046873
0.13000450134277342
0.27210197448730467
0.36818466186523435
0.5155273437500001
0.4518695831298828
0.19843063354492185
0.15766105651855467
0.1879402160644531
0.33957443237304685
0.3863044738769531
0.4022785186767578
0.11856040954589842
0.24349174499511717
0.2763935089111328
0.2375312805175781
0.13405761718749998
0.1669593811035156
0.18269500732421873
0.09304962158203123
0.1478858947753906
0.1116462707519531

