0.09710273742675779
0.21559677124023435
0.2840229034423828
0.45783004760742185
0.28616867065429685
0.18889389038085935
0.09042701721191404
0.12523612976074217
0.22632560729980467
0.3412433624267578
0.45544586181640623
0.44519386291503904
0.1860328674316406
0.15694580078124998
0.18197975158691404
0.3050037384033203
0.37700614929199217
0.3348060607910156
0.1154609680175781
0.19676170349121092
0.3050037384033203
0.22823295593261717
0.1059242248535156
0.16219100952148435
0.18698654174804685
0.16481361389160154
0.20606002807617185
0.10115585327148435

