0.0944801330566406
0.21774253845214842
0.30142745971679685
0.47642669677734373
0.28426132202148435
0.19223175048828123
0.08613548278808592
0.12618980407714842
0.2508827209472656
0.34219703674316404
0.42921981811523435
0.44710121154785154
0.18841705322265623
0.15789947509765623
0.18341026306152342
0.30667266845703123
0.3724761962890625
0.33575973510742185
0.11140785217285154
0.18937072753906248
0.28044662475585935
0.23490867614746092
0.09781799316406248
0.1650520324707031
0.18054924011230467
0.16910514831542967
0.20439109802246092
0.10139427185058592

