0.09901008605957029
0.2127357482910156
0.31668624877929685
0.4580684661865234
0.2897449493408203
0.19270858764648435
0.09543380737304685
0.13310394287109373
0.22966346740722654
0.34458122253417967
0.45353851318359373
0.4411407470703125
0.18698654174804685
0.1555152893066406
0.21988830566406248
0.305718994140625
0.37724456787109373
0.3348060607910156
0.11236152648925779
0.19604644775390623
0.28235397338867185
0.22847137451171873
0.09877166748046873
0.16171417236328123
0.17792663574218748
0.16624412536621092
0.20296058654785154
0.1002021789550781

