0.10044059753417967
0.2108283996582031
0.3030963897705078
0.45353851318359373
0.28163871765136717
0.18889389038085935
0.08351287841796873
0.12022933959960935
0.22584877014160154
0.34791908264160154
0.4232593536376953
0.4716583251953125
0.18150291442871092
0.1505084991455078
0.17578086853027342
0.305718994140625
0.3724761962890625
0.3264614105224609
0.11403045654296873
0.19390068054199217
0.27591667175292967
0.22537193298339842
0.09281120300292967
0.15313110351562498
0.17744979858398435
0.1638599395751953
0.2730556488037109
0.10044059753417967

