0.09710273742675779
0.21750411987304685
0.313348388671875
0.4542537689208984
0.28926811218261717
0.19199333190917967
0.09138069152832029
0.1230903625488281
0.22441825866699217
0.34219703674316404
0.42659721374511717
0.44519386291503904
0.19080123901367185
0.1505084991455078
0.25827369689941404
0.3195472717285156
0.38082084655761717
0.34076652526855467
0.11045417785644529
0.1943775177001953
0.2802082061767578
0.2318092346191406
0.10377845764160154
0.16028366088867185
0.1803108215332031
0.16743621826171873
0.1993843078613281
0.09757957458496092

