0.09686431884765623
0.21130523681640623
0.27925453186035154
0.45139274597167967
0.2844997406005859
0.1905628204345703
0.1364418029785156
0.1276203155517578
0.2260871887207031
0.3266998291015625
0.4518695831298828
0.4525848388671875
0.19223175048828123
0.1524158477783203
0.1917549133300781
0.34267387390136717
0.3779598236083984
0.33504447937011717
0.11236152648925779
0.19103965759277342
0.28426132202148435
0.23347816467285154
0.0963874816894531
0.15909156799316404
0.18579444885253904
0.16529045104980467
0.20343742370605467
0.09591064453124998

