0.09901008605957029
0.20915946960449217
0.2744861602783203
0.4778572082519531
0.2794929504394531
0.19390068054199217
0.08756599426269529
0.12189826965332029
0.2287097930908203
0.33647499084472654
0.4537769317626953
0.45401535034179685
0.1898475646972656
0.1497932434082031
0.18770179748535154
0.305718994140625
0.37390670776367185
0.3336139678955078
0.11021575927734373
0.1924701690673828
0.27615509033203123
0.23514709472656248
0.09591064453124998
0.16457519531249998
0.17625770568847654
0.16743621826171873
0.20868263244628904
0.10163269042968748

