0.09519538879394529
0.21249732971191404
0.28736076354980467
0.4525848388671875
0.2878376007080078
0.18960914611816404
0.09877166748046873
0.12833557128906248
0.26900253295898435
0.3424354553222656
0.43255767822265623
0.45020065307617185
0.18627128601074217
0.14931640624999998
0.19390068054199217
0.30452690124511717
0.3781982421875
0.3431507110595703
0.11474571228027342
0.19914588928222654
0.27925453186035154
0.22942504882812498
0.09805641174316404
0.16338310241699217
0.1784034729003906
0.17244300842285154
0.2051063537597656
0.10115585327148435

