0.09376487731933592
0.21511993408203123
0.37509880065917967
0.4792877197265625
0.8152194976806642
0.18817863464355467
0.08851966857910154
0.12475929260253904
0.2504058837890625
0.36198577880859373
0.602788543701172
0.44567070007324217
0.18269500732421873
0.15098533630371092
0.18507919311523435
0.6414123535156251
0.3762908935546875
0.3321834564208984
0.10759315490722654
0.29308280944824217
0.282830810546875
0.23300132751464842
0.15313110351562498
0.16362152099609373
0.18364868164062498
0.11307678222656248
0.14574012756347654
0.09614906311035154

