0.10115585327148435
0.21631202697753904
0.3011890411376953
0.4544921875
0.28426132202148435
0.1924701690673828
0.08518180847167967
0.12833557128906248
0.25064430236816404
0.34148178100585935
0.4232593536376953
0.44376335144042967
0.1860328674316406
0.1524158477783203
0.18245658874511717
0.30214271545410154
0.3760524749755859
0.33146820068359373
0.10663948059082029
0.19270858764648435
0.2794929504394531
0.23157081604003904
0.10282478332519529
0.16409835815429685
0.18269500732421873
0.16457519531249998
0.20343742370605467
0.10067901611328123

