0.0982948303222656
0.20796737670898435
0.28759918212890623
0.46855888366699217
0.29141387939453123
0.1936622619628906
0.0906654357910156
0.13596496582031248
0.22894821166992185
0.34410438537597654
0.4282661437988281
0.44590911865234373
0.18817863464355467
0.15694580078124998
0.18436393737792967
0.30786476135253904
0.37342987060546873
0.3297992706298828
0.11140785217285154
0.19676170349121092
0.2840229034423828
0.2344318389892578
0.10425529479980467
0.1669593811035156
0.18197975158691404
0.1695819854736328
0.2077289581298828
0.09924850463867185

