0.10115585327148435
0.2058216094970703
0.3069110870361328
0.45520744323730467
0.2821155548095703
0.18460235595703123
0.08565864562988279
0.12618980407714842
0.2508827209472656
0.34267387390136717
0.42468986511230467
0.4466243743896484
0.18698654174804685
0.1505084991455078
0.17935714721679685
0.3016658782958984
0.37772140502929685
0.33313713073730467
0.11331520080566404
0.18770179748535154
0.2852149963378906
0.23395500183105467
0.09924850463867185
0.15599212646484373
0.17983398437499998
0.15909156799316404
0.19771537780761717
0.10115585327148435

