0.09972534179687498
0.16719779968261717
0.2973743438720703
0.3190704345703125
0.23157081604003904
0.1257129669189453
0.07707557678222654
0.11712989807128904
0.22322616577148435
0.40370903015136717
0.3781982421875
0.2585121154785156
0.15980682373046873
0.12523612976074217
0.21607360839843748
0.24992904663085935
0.3290840148925781
0.23681602478027342
0.15289268493652342
0.17625770568847654
0.25302848815917967
0.2763935089111328
0.11951408386230467
0.16815147399902342
0.19151649475097654
0.12428245544433592
0.1333423614501953
0.1135536193847656

