0.09376487731933592
0.16552886962890623
0.29880485534667967
0.3183551788330078
0.23657760620117185
0.12452087402343748
0.08065185546874998
0.11474571228027342
0.2172657012939453
0.4072853088378906
0.3781982421875
0.2558895111083984
0.15503845214843748
0.1307197570800781
0.22084197998046873
0.25898895263671873
0.33122978210449217
0.2420612335205078
0.13930282592773435
0.19652328491210935
0.2725788116455078
0.27353248596191404
0.11712989807128904
0.17935714721679685
0.1867481231689453
0.1505084991455078
0.13691864013671873
0.11641464233398435

