0.10163269042968748
0.1650520324707031
0.29642066955566404
0.3233619689941406
0.23657760620117185
0.12237510681152342
0.10282478332519529
0.11450729370117185
0.2344318389892578
0.4118152618408203
0.38034400939941404
0.27806243896484373
0.16266784667968748
0.16934356689453123
0.21821937561035154
0.259942626953125
0.34791908264160154
0.2420612335205078
0.1390644073486328
0.18627128601074217
0.27853927612304685
0.2711483001708984
0.11641464233398435
0.17697296142578123
0.19652328491210935
0.15217742919921873
0.13405761718749998
0.10711631774902342

