0.0982948303222656
0.16290626525878904
0.29761276245117185
0.32431564331054685
0.23157081604003904
0.15146217346191404
0.0792213439941406
0.11879882812499998
0.22942504882812498
0.3741451263427734
0.3889270782470703
0.27734718322753904
0.1612373352050781
0.13691864013671873
0.23920021057128904
0.2561279296875
0.3431507110595703
0.23920021057128904
0.1276203155517578
0.17244300842285154
0.26447257995605467
0.2611347198486328
0.10377845764160154
0.16982040405273435
0.19890747070312498
0.14383277893066404
0.1364418029785156
0.13095817565917967

