0.0963874816894531
0.16600570678710935
0.2947517395019531
0.32550773620605467
0.259942626953125
0.11903724670410154
0.08136711120605467
0.1230903625488281
0.24921379089355467
0.4103847503662109
0.3920265197753906
0.25112113952636717
0.15789947509765623
0.12452087402343748
0.22155723571777342
0.259942626953125
0.32050094604492185
0.24468383789062498
0.13691864013671873
0.17983398437499998
0.19604644775390623
0.27901611328125
0.1230903625488281
0.1478858947753906
0.1917549133300781
0.10473213195800779
0.13477287292480467
0.11307678222656248

