0.09710273742675779
0.16171417236328123
0.2966590881347656
0.3214546203613281
0.23991546630859373
0.13310394287109373
0.08661231994628904
0.11641464233398435
0.22060356140136717
0.4256435394287109
0.38535079956054685
0.25445899963378904
0.1619525909423828
0.12142143249511717
0.2229877471923828
0.2558895111083984
0.32050094604492185
0.23967704772949217
0.1352497100830078
0.18507919311523435
0.24945220947265623
0.2661415100097656
0.11832199096679685
0.17125091552734373
0.1936622619628906
0.12165985107421873
0.14359436035156248
0.10854682922363279

