0.09233436584472654
0.16266784667968748
0.2935596466064453
0.3150173187255859
0.23276290893554685
0.14049491882324217
0.08613548278808592
0.11379203796386717
0.22823295593261717
0.3786750793457031
0.38606605529785154
0.27901611328125
0.15265426635742185
0.12547454833984373
0.24682960510253904
0.2656646728515625
0.3500648498535156
0.25565109252929685
0.13429603576660154
0.18269500732421873
0.2775856018066406
0.27281723022460935
0.11474571228027342
0.1714893341064453
0.1886554718017578
0.15384635925292967
0.1352497100830078
0.14430961608886717

