0.09972534179687498
0.17053565979003904
0.26828727722167967
0.3233619689941406
0.2618499755859375
0.12547454833984373
0.07397613525390623
0.11951408386230467
0.22084197998046873
0.4046627044677734
0.38606605529785154
0.25445899963378904
0.1524158477783203
0.13215026855468748
0.22060356140136717
0.26018104553222654
0.3190704345703125
0.23920021057128904
0.13572654724121092
0.17816505432128904
0.19461593627929685
0.27543983459472654
0.12189826965332029
0.14883956909179685
0.19723854064941404
0.10473213195800779
0.13668022155761717
0.11212310791015623

