0.0982948303222656
0.1612373352050781
0.2897449493408203
0.3207393646240234
0.23514709472656248
0.14693222045898435
0.07707557678222654
0.11307678222656248
0.2191730499267578
0.37891349792480467
0.3805824279785156
0.27901611328125
0.16052207946777342
0.12618980407714842
0.24349174499511717
0.26137313842773435
0.3450580596923828
0.24039230346679685
0.13358078002929685
0.1772113800048828
0.2802082061767578
0.27138671875
0.1135536193847656
0.17172775268554685
0.19342384338378904
0.1466938018798828
0.1333423614501953
0.13358078002929685

