0.09471855163574217
0.1676746368408203
0.290460205078125
0.32503089904785154
0.23276290893554685
0.14502487182617185
0.07707557678222654
0.11593780517578123
0.22966346740722654
0.38034400939941404
0.38082084655761717
0.2840229034423828
0.16099891662597654
0.13095817565917967
0.21941146850585935
0.25827369689941404
0.3493495941162109
0.23729286193847654
0.1371570587158203
0.17792663574218748
0.2775856018066406
0.2699562072753906
0.12022933959960935
0.1745887756347656
0.2039142608642578
0.15313110351562498
0.14192543029785154
0.13119659423828123

