0.09471855163574217
0.16362152099609373
0.29451332092285154
0.32693824768066404
0.2356239318847656
0.1440711975097656
0.07373771667480467
0.11259994506835935
0.22561035156249998
0.37652931213378904
0.3812976837158203
0.27234039306640623
0.16076049804687498
0.13477287292480467
0.1848407745361328
0.2604194641113281
0.34338912963867185
0.2356239318847656
0.1390644073486328
0.17578086853027342
0.27400932312011717
0.27210197448730467
0.1211830139160156
0.17697296142578123
0.19223175048828123
0.15146217346191404
0.13572654724121092
0.1352497100830078

