0.09471855163574217
0.16362152099609373
0.2966590881347656
0.32503089904785154
0.23204765319824217
0.14430961608886717
0.07659873962402342
0.11689147949218748
0.22370300292968748
0.4046627044677734
0.3839202880859375
0.2771087646484375
0.15885314941406248
0.13930282592773435
0.24277648925781248
0.2611347198486328
0.34529647827148435
0.24063072204589842
0.13429603576660154
0.17888031005859373
0.27400932312011717
0.26709518432617185
0.11832199096679685
0.17983398437499998
0.19127807617187498
0.1459785461425781
0.13095817565917967
0.13215026855468748

