0.0982948303222656
0.1657672882080078
0.2966590881347656
0.3221698760986328
0.23157081604003904
0.14955482482910154
0.07898292541503904
0.11832199096679685
0.21702728271484373
0.4046627044677734
0.38415870666503904
0.27424774169921873
0.15789947509765623
0.13668022155761717
0.21798095703124998
0.2611347198486328
0.3457733154296875
0.24229965209960935
0.13691864013671873
0.17601928710937498
0.282830810546875
0.27353248596191404
0.12022933959960935
0.1745887756347656
0.18937072753906248
0.15122375488281248
0.1364418029785156
0.11093101501464842

