0.09877166748046873
0.16648254394531248
0.29832801818847654
0.3195472717285156
0.23419342041015623
0.1402565002441406
0.0754066467285156
0.12046775817871092
0.2229877471923828
0.3991790771484375
0.38487396240234373
0.28163871765136717
0.16290626525878904
0.12714347839355467
0.21798095703124998
0.25827369689941404
0.3476806640625
0.23872337341308592
0.13286552429199217
0.17864189147949217
0.27543983459472654
0.2706714630126953
0.1173683166503906
0.1714893341064453
0.19127807617187498
0.1517005920410156
0.1371570587158203
0.1078315734863281

