0.1002021789550781
0.1631446838378906
0.3195472717285156
0.3221698760986328
0.26590309143066404
0.12976608276367185
0.10806999206542967
0.12213668823242185
0.22727928161621092
0.41205368041992185
0.38535079956054685
0.252313232421875
0.16934356689453123
0.13691864013671873
0.22632560729980467
0.2649494171142578
0.32765350341796873
0.24659118652343748
0.1409717559814453
0.18627128601074217
0.21106681823730467
0.27472457885742185
0.12905082702636717
0.14645538330078123
0.20677528381347654
0.10735473632812498
0.13429603576660154
0.1154609680175781

