0.09781799316406248
0.1638599395751953
0.26828727722167967
0.32622299194335935
0.26256523132324217
0.12404403686523435
0.08041343688964842
0.11999092102050779
0.2241798400878906
0.4027553558349609
0.38654289245605467
0.2520748138427734
0.1593299865722656
0.12833557128906248
0.2172657012939453
0.25946578979492185
0.32884559631347654
0.24539909362792967
0.14621696472167967
0.1841255187988281
0.23133239746093748
0.27472457885742185
0.15861473083496092
0.21678886413574217
0.1898475646972656
0.12738189697265623
0.1402565002441406
0.11212310791015623

