0.0887580871582031
0.1581378936767578
0.28616867065429685
0.3157325744628906
0.2248950958251953
0.11522254943847654
0.06682357788085935
0.10926208496093748
0.21488151550292967
0.39607963562011717
0.3767677307128906
0.24444541931152342
0.14645538330078123
0.12142143249511717
0.21750411987304685
0.26375732421875
0.32765350341796873
0.23991546630859373
0.13596496582031248
0.1810260772705078
0.2561279296875
0.2749629974365234
0.12285194396972654
0.16934356689453123
0.19700012207031248
0.12905082702636717
0.13811073303222654
0.11021575927734373

