0.10306320190429685
0.16076049804687498
0.29379806518554685
0.32002410888671873
0.23514709472656248
0.14645538330078123
0.07898292541503904
0.11426887512207029
0.22656402587890623
0.38034400939941404
0.37772140502929685
0.2749629974365234
0.1581378936767578
0.13596496582031248
0.22584877014160154
0.2623268127441406
0.3512569427490234
0.2356239318847656
0.13381919860839842
0.18341026306152342
0.27853927612304685
0.27615509033203123
0.12046775817871092
0.17816505432128904
0.18698654174804685
0.15646896362304685
0.13358078002929685
0.13572654724121092

