0.10067901611328123
0.15766105651855467
0.3073879241943359
0.3221698760986328
0.2630420684814453
0.11903724670410154
0.0734992980957031
0.11712989807128904
0.22513351440429685
0.4046627044677734
0.38225135803222654
0.2508827209472656
0.1555152893066406
0.1295276641845703
0.21893463134765623
0.25565109252929685
0.32741508483886717
0.24039230346679685
0.1314350128173828
0.18078765869140623
0.2306171417236328
0.2756782531738281
0.1211830139160156
0.1371570587158203
0.1962848663330078
0.12404403686523435
0.13358078002929685
0.10759315490722654

