0.09591064453124998
0.16719779968261717
0.2954669952392578
0.32431564331054685
0.23610076904296873
0.11903724670410154
0.07850608825683592
0.11379203796386717
0.22656402587890623
0.40513954162597654
0.3870197296142578
0.2573200225830078
0.16266784667968748
0.12237510681152342
0.21893463134765623
0.2508827209472656
0.31430206298828123
0.23967704772949217
0.1714893341064453
0.1764961242675781
0.21440467834472654
0.2668567657470703
0.11450729370117185
0.16219100952148435
0.18698654174804685
0.11760673522949217
0.12714347839355467
0.10330162048339842

