0.09614906311035154
0.16481361389160154
0.29832801818847654
0.3297992706298828
0.23920021057128904
0.14454803466796873
0.0754066467285156
0.11879882812499998
0.2318092346191406
0.37772140502929685
0.37700614929199217
0.2787776947021484
0.15980682373046873
0.12642822265624998
0.21678886413574217
0.2597042083740234
0.3424354553222656
0.24182281494140623
0.13548812866210935
0.17601928710937498
0.27615509033203123
0.27424774169921873
0.11665306091308592
0.16862831115722654
0.19270858764648435
0.14883956909179685
0.13191184997558592
0.1409717559814453

