0.10044059753417967
0.16433677673339842
0.2935596466064453
0.32479248046875
0.23872337341308592
0.14240226745605467
0.07707557678222654
0.1173683166503906
0.22632560729980467
0.4053779602050781
0.38225135803222654
0.27901611328125
0.16219100952148435
0.12618980407714842
0.21678886413574217
0.2515979766845703
0.34458122253417967
0.23395500183105467
0.14168701171874998
0.1841255187988281
0.27281723022460935
0.26971778869628904
0.12022933959960935
0.16910514831542967
0.19509277343749998
0.1478858947753906
0.12976608276367185
0.14740905761718748

