0.09471855163574217
0.16648254394531248
0.3164478302001953
0.31930885314941404
0.23419342041015623
0.14621696472167967
0.0830360412597656
0.11951408386230467
0.21964988708496092
0.4003711700439453
0.37962875366210935
0.2821155548095703
0.15956840515136717
0.13167343139648435
0.21941146850585935
0.2909370422363281
0.3450580596923828
0.2477832794189453
0.13668022155761717
0.18341026306152342
0.2763935089111328
0.27853927612304685
0.11784515380859373
0.17816505432128904
0.18913230895996092
0.1555152893066406
0.13572654724121092
0.1173683166503906

