0.09734115600585935
0.1669593811035156
0.2935596466064453
0.31859359741210935
0.24468383789062498
0.14955482482910154
0.08041343688964842
0.11617622375488279
0.22513351440429685
0.38082084655761717
0.38916549682617185
0.28616867065429685
0.3138252258300781
0.12928924560546873
0.21774253845214842
0.26471099853515623
0.34982643127441404
0.24563751220703123
0.1288124084472656
0.18269500732421873
0.2756782531738281
0.27162513732910154
0.12785873413085935
0.17029724121093748
0.19461593627929685
0.15289268493652342
0.13381919860839842
0.13548812866210935

