0.10091743469238279
0.1619525909423828
0.30142745971679685
0.32741508483886717
0.23037872314453123
0.14335594177246092
0.07898292541503904
0.1211830139160156
0.22656402587890623
0.4060932159423828
0.3824897766113281
0.28044662475585935
0.15789947509765623
0.13310394287109373
0.18436393737792967
0.2580352783203125
0.34720382690429685
0.2146430969238281
0.13620338439941404
0.17935714721679685
0.2756782531738281
0.2694793701171875
0.1211830139160156
0.1784034729003906
0.18627128601074217
0.14812431335449217
0.13119659423828123
0.13739547729492185

