0.09734115600585935
0.16624412536621092
0.3081031799316406
0.32550773620605467
0.23538551330566404
0.1459785461425781
0.07898292541503904
0.12070617675781248
0.22060356140136717
0.37915191650390623
0.3870197296142578
0.28378448486328123
0.15575370788574217
0.13119659423828123
0.2477832794189453
0.2597042083740234
0.34863433837890623
0.2420612335205078
0.14001808166503904
0.17578086853027342
0.2802082061767578
0.2732940673828125
0.11784515380859373
0.1791187286376953
0.19294700622558592
0.1517005920410156
0.1326271057128906
0.13286552429199217

