0.09901008605957029
0.16147575378417967
0.30023536682128904
0.3233619689941406
0.23586235046386717
0.12809715270996092
0.10830841064453123
0.11975250244140623
0.21988830566406248
0.4080005645751953
0.3839202880859375
0.25183639526367185
0.15670738220214842
0.1383491516113281
0.22561035156249998
0.2630420684814453
0.3259845733642578
0.2420612335205078
0.13668022155761717
0.1803108215332031
0.27806243896484373
0.27400932312011717
0.12022933959960935
0.17196617126464842
0.19294700622558592
0.1536079406738281
0.13358078002929685
0.11045417785644529

