0.09781799316406248
0.17315826416015623
0.27353248596191404
0.3228851318359375
0.26590309143066404
0.12213668823242185
0.1040168762207031
0.12356719970703123
0.22561035156249998
0.4053779602050781
0.39107284545898435
0.2539821624755859
0.15885314941406248
0.12618980407714842
0.21631202697753904
0.2649494171142578
0.3252693176269531
0.24611434936523435
0.15217742919921873
0.18341026306152342
0.20272216796874998
0.27734718322753904
0.1276203155517578
0.15193901062011717
0.19723854064941404
0.10449371337890623
0.13548812866210935
0.10997734069824217

