0.09710273742675779
0.16290626525878904
0.2961822509765625
0.31668624877929685
0.2344318389892578
0.14645538330078123
0.08017501831054685
0.11045417785644529
0.2222724914550781
0.39941749572753904
0.37724456787109373
0.27234039306640623
0.1543231964111328
0.1276203155517578
0.24420700073242185
0.26208839416503904
0.34028968811035154
0.24563751220703123
0.1288124084472656
0.18507919311523435
0.27162513732910154
0.2756782531738281
0.11712989807128904
0.17291984558105467
0.19318542480468748
0.1536079406738281
0.13119659423828123
0.1326271057128906

