0.09924850463867185
0.16076049804687498
0.29451332092285154
0.3188320159912109
0.23419342041015623
0.14335594177246092
0.07612190246582029
0.11379203796386717
0.22513351440429685
0.40370903015136717
0.3786750793457031
0.2833076477050781
0.15861473083496092
0.1307197570800781
0.2127357482910156
0.2623268127441406
0.34458122253417967
0.24229965209960935
0.13381919860839842
0.17983398437499998
0.2699562072753906
0.2718635559082031
0.11665306091308592
0.17101249694824217
0.19127807617187498
0.1486011505126953
0.12833557128906248
0.13095817565917967

