0.09567222595214842
0.16934356689453123
0.29904327392578123
0.32169303894042967
0.23157081604003904
0.14883956909179685
0.0715919494628906
0.12094459533691404
0.2191730499267578
0.39870223999023435
0.3882118225097656
0.27663192749023435
0.16076049804687498
0.12642822265624998
0.21869621276855467
0.259942626953125
0.35173377990722654
0.24730644226074217
0.13739547729492185
0.17601928710937498
0.27973136901855467
0.26828727722167967
0.11903724670410154
0.17816505432128904
0.19509277343749998
0.1612373352050781
0.13238868713378904
0.11450729370117185

