0.09591064453124998
0.16910514831542967
0.40895423889160154
0.3190704345703125
0.23920021057128904
0.14764747619628904
0.07230720520019529
0.1192756652832031
0.22966346740722654
0.3786750793457031
0.38582763671875
0.2794929504394531
0.16600570678710935
0.12857398986816404
0.19032440185546873
0.2618499755859375
0.3584095001220703
0.24659118652343748
0.14049491882324217
0.18197975158691404
0.2787776947021484
0.2847381591796875
0.12547454833984373
0.17005882263183592
0.19604644775390623
0.15503845214843748
0.13548812866210935
0.13882598876953123

