0.0944801330566406
0.1631446838378906
0.2992816925048828
0.320977783203125
0.2394386291503906
0.12380561828613279
0.07683715820312498
0.12475929260253904
0.22060356140136717
0.41133842468261717
0.37462196350097654
0.25135955810546873
0.15670738220214842
0.13310394287109373
0.21941146850585935
0.25326690673828123
0.3188320159912109
0.24253807067871092
0.13119659423828123
0.18078765869140623
0.2730556488037109
0.275201416015625
0.1154609680175781
0.17101249694824217
0.18937072753906248
0.1505084991455078
0.12976608276367185
0.11689147949218748

