0.10497055053710935
0.1657672882080078
0.2985664367675781
0.31406364440917967
0.2611347198486328
0.1230903625488281
0.08136711120605467
0.11951408386230467
0.22441825866699217
0.4015632629394531
0.38988075256347654
0.25708160400390623
0.15694580078124998
0.13167343139648435
0.22179565429687498
0.26661834716796873
0.32050094604492185
0.24492225646972654
0.1364418029785156
0.1886554718017578
0.23037872314453123
0.2909370422363281
0.12857398986816404
0.17554244995117185
0.19843063354492185
0.12642822265624998
0.13763389587402342
0.11450729370117185

