0.09853324890136717
0.16862831115722654
0.301904296875
0.32479248046875
0.2630420684814453
0.13000450134277342
0.08446655273437498
0.12165985107421873
0.25255165100097654
0.40943107604980467
0.3915496826171875
0.2542205810546875
0.16290626525878904
0.13548812866210935
0.3374286651611328
0.26256523132324217
0.31978569030761717
0.2515979766845703
0.13977966308593748
0.17983398437499998
0.20486793518066404
0.2787776947021484
0.12642822265624998
0.1517005920410156
0.19342384338378904
0.1021095275878906
0.14645538330078123
0.11307678222656248

