0.10282478332519529
0.16719779968261717
0.29761276245117185
0.3214546203613281
0.23657760620117185
0.12142143249511717
0.0754066467285156
0.11760673522949217
0.22513351440429685
0.40251693725585935
0.38487396240234373
0.27353248596191404
0.1612373352050781
0.12642822265624998
0.21559677124023435
0.25708160400390623
0.32360038757324217
0.24277648925781248
0.13811073303222654
0.17482719421386717
0.28187713623046873
0.27090988159179685
0.12356719970703123
0.1733966827392578
0.19604644775390623
0.1497932434082031
0.13286552429199217
0.10902366638183592

