0.09495697021484373
0.16791305541992185
0.29189071655273435
0.3221698760986328
0.2344318389892578
0.14454803466796873
0.07183036804199217
0.11379203796386717
0.23109397888183592
0.40966949462890623
0.38344345092773435
0.27996978759765623
0.16076049804687498
0.13286552429199217
0.22131881713867185
0.2566047668457031
0.34863433837890623
0.24921379089355467
0.13167343139648435
0.17792663574218748
0.28187713623046873
0.2806850433349609
0.11665306091308592
0.1726814270019531
0.18960914611816404
0.15146217346191404
0.13238868713378904
0.1390644073486328

