0.09853324890136717
0.17101249694824217
0.29308280944824217
0.32002410888671873
0.23514709472656248
0.14335594177246092
0.07612190246582029
0.12070617675781248
0.22465667724609373
0.37843666076660154
0.37915191650390623
0.27663192749023435
0.15766105651855467
0.1307197570800781
0.17888031005859373
0.2554126739501953
0.3474422454833984
0.2382465362548828
0.13477287292480467
0.17363510131835935
0.2732940673828125
0.2706714630126953
0.12380561828613279
0.17029724121093748
0.19032440185546873
0.15074691772460935
0.1753040313720703
0.13620338439941404

