0.09209594726562498
0.16648254394531248
0.2978511810302734
0.3195472717285156
0.23705444335937498
0.14883956909179685
0.07755241394042967
0.11760673522949217
0.22441825866699217
0.3984638214111328
0.36317787170410154
0.28187713623046873
0.1612373352050781
0.12714347839355467
0.21941146850585935
0.25517425537109373
0.3488727569580078
0.24659118652343748
0.1314350128173828
0.18150291442871092
0.2844997406005859
0.2749629974365234
0.11474571228027342
0.17411193847656248
0.18889389038085935
0.14812431335449217
0.12928924560546873
0.1326271057128906

