0.26852569580078123
0.16624412536621092
0.29379806518554685
0.3278919219970703
0.23490867614746092
0.14883956909179685
0.07707557678222654
0.11450729370117185
0.2229877471923828
0.40442428588867185
0.40633163452148435
0.27973136901855467
0.15766105651855467
0.13048133850097654
0.21249732971191404
0.25875053405761717
0.3495880126953125
0.23872337341308592
0.14049491882324217
0.18364868164062498
0.2787776947021484
0.26971778869628904
0.11569938659667967
0.1753040313720703
0.18698654174804685
0.17959556579589842
0.13548812866210935
0.13882598876953123

