0.09686431884765623
0.16529045104980467
0.3474422454833984
0.32765350341796873
0.23204765319824217
0.14907798767089842
0.07516822814941404
0.11259994506835935
0.2210803985595703
0.3760524749755859
0.3817745208740234
0.2730556488037109
0.15694580078124998
0.13024291992187498
0.24826011657714842
0.26328048706054685
0.3495880126953125
0.24253807067871092
0.13620338439941404
0.1829334259033203
0.2802082061767578
0.2730556488037109
0.11712989807128904
0.17959556579589842
0.19485435485839842
0.1486011505126953
0.1371570587158203
0.13358078002929685

