0.09328804016113279
0.16529045104980467
0.2959438323974609
0.31859359741210935
0.23538551330566404
0.11617622375488279
0.07445297241210935
0.12070617675781248
0.21941146850585935
0.40752372741699217
0.38535079956054685
0.25445899963378904
0.15766105651855467
0.12785873413085935
0.21774253845214842
0.2527900695800781
0.3188320159912109
0.2420612335205078
0.12905082702636717
0.1764961242675781
0.22274932861328123
0.2775856018066406
0.11879882812499998
0.14550170898437498
0.1860328674316406
0.12189826965332029
0.13000450134277342
0.10735473632812498

