0.10139427185058592
0.1619525909423828
0.29761276245117185
0.3228851318359375
0.2616115570068359
0.12046775817871092
0.08184394836425779
0.12404403686523435
0.22894821166992185
0.40513954162597654
0.3870197296142578
0.2539821624755859
0.15313110351562498
0.12261352539062498
0.21106681823730467
0.26328048706054685
0.3290840148925781
0.24349174499511717
0.1352497100830078
0.21392784118652342
0.20224533081054685
0.2656646728515625
0.12356719970703123
0.14764747619628904
0.1898475646972656
0.10163269042968748
0.1364418029785156
0.10902366638183592

