0.12380561828613279
0.1695819854736328
0.29761276245117185
0.3202625274658203
0.24349174499511717
0.1211830139160156
0.07898292541503904
0.12046775817871092
0.22441825866699217
0.4027553558349609
0.3877349853515625
0.25445899963378904
0.1581378936767578
0.12905082702636717
0.21893463134765623
0.2604194641113281
0.33385238647460935
0.2649494171142578
0.13477287292480467
0.18507919311523435
0.22537193298339842
0.27734718322753904
0.12523612976074217
0.18054924011230467
0.19723854064941404
0.13048133850097654
0.1390644073486328
0.1078315734863281

