0.1002021789550781
0.1619525909423828
0.2959438323974609
0.31811676025390623
0.23419342041015623
0.1543231964111328
0.07779083251953123
0.11641464233398435
0.22012672424316404
0.4103847503662109
0.3851123809814453
0.2897449493408203
0.15646896362304685
0.1307197570800781
0.21678886413574217
0.26280364990234373
0.3476806640625
0.24229965209960935
0.13739547729492185
0.2997585296630859
0.2749629974365234
0.2694793701171875
0.11665306091308592
0.1772113800048828
0.19318542480468748
0.1536079406738281
0.13310394287109373
0.13596496582031248

