0.09591064453124998
0.16266784667968748
0.29570541381835935
0.31811676025390623
0.2306171417236328
0.12380561828613279
0.07230720520019529
0.11331520080566404
0.22251091003417967
0.4022785186767578
0.3817745208740234
0.2771087646484375
0.1600452423095703
0.13286552429199217
0.21893463134765623
0.2592273712158203
0.3278919219970703
0.24826011657714842
0.13310394287109373
0.17983398437499998
0.2809234619140625
0.27543983459472654
0.11879882812499998
0.17196617126464842
0.19318542480468748
0.15480003356933592
0.1288124084472656
0.11259994506835935

