0.10449371337890623
0.16648254394531248
0.3157325744628906
0.32693824768066404
0.2597042083740234
0.1249977111816406
0.07993659973144529
0.11712989807128904
0.2458759307861328
0.40704689025878904
0.3755756378173828
0.25946578979492185
0.1593299865722656
0.15575370788574217
0.2229877471923828
0.25875053405761717
0.32741508483886717
0.24301490783691404
0.13763389587402342
0.18078765869140623
0.20367584228515623
0.27424774169921873
0.12261352539062498
0.14836273193359373
0.19223175048828123
0.09996376037597654
0.1307197570800781
0.11379203796386717

