0.08851966857910154
0.15575370788574217
0.29189071655273435
0.3100105285644531
0.22727928161621092
0.11307678222656248
0.07278404235839842
0.11307678222656248
0.21583518981933592
0.3760524749755859
0.3781982421875
0.27353248596191404
0.14836273193359373
0.11879882812499998
0.20915946960449217
0.24754486083984373
0.32121620178222654
0.23157081604003904
0.12142143249511717
0.17387351989746092
0.2692409515380859
0.267572021484375
0.11283836364746092
0.15861473083496092
0.22060356140136717
0.14383277893066404
0.13882598876953123
0.11283836364746092

