0.10163269042968748
0.16242942810058592
0.32813034057617185
0.32383880615234373
0.2337165832519531
0.15289268493652342
0.0773139953613281
0.11665306091308592
0.2241798400878906
0.4068084716796875
0.38535079956054685
0.275201416015625
0.15718421936035154
0.1333423614501953
0.21440467834472654
0.25708160400390623
0.34601173400878904
0.2420612335205078
0.12928924560546873
0.17673454284667967
0.2809234619140625
0.2756782531738281
0.11665306091308592
0.17673454284667967
0.1917549133300781
0.1497932434082031
0.1333423614501953
0.1135536193847656

