0.09543380737304685
0.1631446838378906
0.2940364837646484
0.31620941162109373
0.23705444335937498
0.14693222045898435
0.07802925109863279
0.1154609680175781
0.22537193298339842
0.39870223999023435
0.3793903350830078
0.2775856018066406
0.16529045104980467
0.13024291992187498
0.2241798400878906
0.26280364990234373
0.35411796569824217
0.24468383789062498
0.1371570587158203
0.18937072753906248
0.2794929504394531
0.2732940673828125
0.11856040954589842
0.17029724121093748
0.19843063354492185
0.14955482482910154
0.13477287292480467
0.10735473632812498

