0.09138069152832029
0.16815147399902342
0.2890296936035156
0.3569789886474609
0.33766708374023435
0.2222724914550781
0.09042701721191404
0.06873092651367185
0.17888031005859373
0.2668567657470703
0.37009201049804685
0.30643424987792967
0.19723854064941404
0.07850608825683592
0.15789947509765623
0.23586235046386717
0.35817108154296873
0.2508827209472656
0.08351287841796873
0.15599212646484373
0.23109397888183592
0.31096420288085935
0.09710273742675779
0.17053565979003904
0.3169246673583984
0.13763389587402342
0.2146430969238281
0.14383277893066404

