0.06253204345703123
0.17625770568847654
0.28926811218261717
0.313348388671875
0.32002410888671873
0.20033798217773435
0.09972534179687498
0.07302246093749998
0.17411193847656248
0.2597042083740234
0.39607963562011717
0.32741508483886717
0.19962272644042967
0.05299530029296873
0.12976608276367185
0.21321258544921873
0.3569789886474609
0.24945220947265623
0.10640106201171873
0.13095817565917967
0.2337165832519531
0.3169246673583984
0.09853324890136717
0.17363510131835935
0.29427490234375
0.11116943359374998
0.21678886413574217
0.14001808166503904

