0.09328804016113279
0.16672096252441404
0.29117546081542967
0.34911117553710935
0.3328987121582031
0.2287097930908203
0.0925727844238281
0.06873092651367185
0.1981922149658203
0.26280364990234373
0.39345703125
0.3023811340332031
0.19008598327636717
0.06658515930175779
0.10544738769531248
0.2394386291503906
0.34839591979980467
0.24468383789062498
0.07683715820312498
0.15003166198730467
0.23085556030273435
0.3283687591552734
0.09161911010742185
0.16838989257812498
0.313348388671875
0.13405761718749998
0.21178207397460935
0.13954124450683592

