0.09185752868652342
0.16862831115722654
0.2916522979736328
0.34982643127441404
0.33456764221191404
0.21988830566406248
0.09281120300292967
0.07039985656738279
0.20176849365234373
0.26399574279785154
0.3946491241455078
0.301904296875
0.19318542480468748
0.07016143798828123
0.15336952209472654
0.23848495483398435
0.35483322143554685
0.25183639526367185
0.0830360412597656
0.14693222045898435
0.22727928161621092
0.3405281066894531
0.09161911010742185
0.1676746368408203
0.32383880615234373
0.13954124450683592
0.21130523681640623
0.13977966308593748

