0.09328804016113279
0.16982040405273435
0.2890296936035156
0.35244903564453123
0.33719024658203123
0.2203651428222656
0.08995018005371092
0.06753883361816404
0.20057640075683592
0.2852149963378906
0.3710456848144531
0.30333480834960935
0.19032440185546873
0.07492980957031248
0.1505084991455078
0.23610076904296873
0.34601173400878904
0.24730644226074217
0.08208236694335935
0.15789947509765623
0.22155723571777342
0.33456764221191404
0.08589706420898435
0.1714893341064453
0.3157325744628906
0.13501129150390623
0.20725212097167967
0.1447864532470703

