0.10234794616699217
0.16838989257812498
0.29308280944824217
0.3500648498535156
0.3195472717285156
0.22513351440429685
0.08995018005371092
0.07397613525390623
0.20176849365234373
0.26637992858886717
0.39488754272460935
0.30285797119140623
0.19914588928222654
0.07230720520019529
0.15861473083496092
0.23920021057128904
0.3534027099609375
0.2489753723144531
0.07969818115234373
0.15694580078124998
0.23323974609374998
0.33313713073730467
0.12356719970703123
0.17363510131835935
0.3157325744628906
0.13691864013671873
0.2077289581298828
0.13691864013671873

