0.07373771667480467
0.17697296142578123
0.2909370422363281
0.3112026214599609
0.3188320159912109
0.22513351440429685
0.0925727844238281
0.0715919494628906
0.17959556579589842
0.26971778869628904
0.3953643798828125
0.3328987121582031
0.1917549133300781
0.05609474182128904
0.12666664123535154
0.2146430969238281
0.35602531433105467
0.24492225646972654
0.11522254943847654
0.12833557128906248
0.23467025756835935
0.3417201995849609
0.12094459533691404
0.17792663574218748
0.29260597229003904
0.10687789916992185
0.21392784118652342
0.13858757019042967

