0.09376487731933592
0.17435035705566404
0.2916522979736328
0.37700614929199217
0.33528289794921873
0.21893463134765623
0.0944801330566406
0.07230720520019529
0.19151649475097654
0.26709518432617185
0.3965564727783203
0.2916522979736328
0.19604644775390623
0.07278404235839842
0.15480003356933592
0.23872337341308592
0.35221061706542967
0.24659118652343748
0.10282478332519529
0.1466938018798828
0.22513351440429685
0.31024894714355467
0.08780441284179685
0.17172775268554685
0.3150173187255859
0.1352497100830078
0.20415267944335935
0.13548812866210935

