0.09090385437011717
0.16433677673339842
0.28545341491699217
0.37342987060546873
0.3340908050537109
0.22656402587890623
0.09328804016113279
0.07230720520019529
0.19413909912109373
0.2711483001708984
0.3908344268798828
0.30333480834960935
0.19270858764648435
0.07469139099121092
0.1497932434082031
0.25875053405761717
0.3493495941162109
0.2420612335205078
0.10258636474609373
0.14836273193359373
0.2344318389892578
0.3088184356689453
0.09114227294921873
0.17005882263183592
0.32383880615234373
0.13405761718749998
0.20629844665527342
0.14121017456054685

