0.09281120300292967
0.16934356689453123
0.28759918212890623
0.36127052307128904
0.33003768920898435
0.2184577941894531
0.09352645874023435
0.08089027404785154
0.19962272644042967
0.26637992858886717
0.3932186126708984
0.30095062255859373
0.19413909912109373
0.06944618225097654
0.15480003356933592
0.2573200225830078
0.33957443237304685
0.24826011657714842
0.08136711120605467
0.1524158477783203
0.2260871887207031
0.3183551788330078
0.09304962158203123
0.2210803985595703
0.31430206298828123
0.13691864013671873
500.8328624725342
0.13977966308593748

