0.09471855163574217
0.16719779968261717
0.28879127502441404
0.3569789886474609
0.3457733154296875
0.23896179199218748
0.08780441284179685
0.07230720520019529
0.20367584228515623
0.27281723022460935
0.39679489135742185
0.3035732269287109
0.18817863464355467
0.07755241394042967
0.15098533630371092
0.259942626953125
0.32479248046875
0.2489753723144531
0.10711631774902342
0.15646896362304685
0.22847137451171873
0.3076263427734375
0.09138069152832029
0.1714893341064453
0.3150173187255859
0.13429603576660154
0.22203407287597654
0.1459785461425781

