0.08971176147460935
0.16648254394531248
0.29952011108398435
0.3703304290771484
0.32765350341796873
0.22394142150878904
0.09233436584472654
0.06348571777343748
0.20105323791503904
0.25708160400390623
0.3989406585693359
0.30142745971679685
0.19032440185546873
0.07016143798828123
0.15027008056640623
0.2611347198486328
0.34911117553710935
0.24277648925781248
0.08613548278808592
0.14550170898437498
0.2337165832519531
0.30786476135253904
0.08470497131347654
0.16791305541992185
0.31978569030761717
0.13286552429199217
0.20367584228515623
0.1352497100830078

