0.06849250793457029
0.17387351989746092
0.2966590881347656
0.31859359741210935
0.3081031799316406
0.20534477233886717
0.09185752868652342
0.07516822814941404
0.17601928710937498
0.27353248596191404
0.34672698974609373
0.30285797119140623
0.19843063354492185
0.06634674072265623
0.1295276641845703
0.2165504455566406
0.3572174072265625
0.2573200225830078
0.10806999206542967
0.13977966308593748
0.23037872314453123
0.3436275482177734
0.09495697021484373
0.18078765869140623
0.2883144378662109
0.11450729370117185
0.2146430969238281
0.14073333740234373

