0.09042701721191404
0.1714893341064453
0.3076263427734375
0.3538795471191406
0.31167945861816404
0.22513351440429685
0.10067901611328123
0.06825408935546873
0.24229965209960935
0.2661415100097656
0.3915496826171875
0.3081031799316406
0.19461593627929685
0.07087669372558592
0.15766105651855467
0.25636634826660154
0.32574615478515623
0.24253807067871092
0.08041343688964842
0.14550170898437498
0.22966346740722654
0.33504447937011717
0.08708915710449217
0.1657672882080078
0.31549415588378904
0.13954124450683592
0.2070137023925781
0.13977966308593748

