0.08947334289550779
0.16624412536621092
0.31024894714355467
0.3328987121582031
0.34291229248046873
0.23705444335937498
0.08565864562988279
0.05800209045410154
0.19413909912109373
0.25326690673828123
0.3889270782470703
0.29141387939453123
0.18698654174804685
0.058478927612304665
0.15718421936035154
0.2546974182128906
0.34672698974609373
0.24229965209960935
0.0811286926269531
0.15336952209472654
0.23610076904296873
0.30834159851074217
0.09400329589843748
0.1707740783691406
0.32503089904785154
0.1352497100830078
0.20367584228515623
0.13787231445312498

