0.09185752868652342
0.16290626525878904
0.313348388671875
0.37700614929199217
0.33385238647460935
0.2172657012939453
0.08851966857910154
0.06658515930175779
0.19723854064941404
0.267572021484375
0.3958412170410156
0.30095062255859373
0.18817863464355467
0.06515464782714842
0.1524158477783203
0.26065788269042967
0.3266998291015625
0.24253807067871092
0.07588348388671873
0.15408477783203123
0.22894821166992185
0.3317066192626953
0.09304962158203123
0.17506561279296873
0.3183551788330078
0.13811073303222654
0.20749053955078123
0.13691864013671873

