0.08160552978515623
0.16743621826171873
0.3176399230957031
0.3774829864501953
0.33456764221191404
0.22012672424316404
0.09138069152832029
0.06873092651367185
0.2000995635986328
0.2623268127441406
0.3939338684082031
0.2978511810302734
0.1974769592285156
0.07397613525390623
0.1562305450439453
0.2577968597412109
0.3500648498535156
0.24992904663085935
0.0982948303222656
0.14550170898437498
0.22966346740722654
0.3112026214599609
0.09424171447753904
0.17935714721679685
0.31167945861816404
0.13954124450683592
0.21106681823730467
0.14740905761718748

