0.06300888061523435
0.17220458984374998
0.290460205078125
0.3076263427734375
0.31096420288085935
0.19914588928222654
0.08995018005371092
0.06849250793457029
0.17029724121093748
0.27090988159179685
0.3932186126708984
0.3088184356689453
0.1962848663330078
0.048942184448242165
0.1288124084472656
0.2165504455566406
0.3507801055908203
0.24563751220703123
0.09734115600585935
0.13167343139648435
0.22847137451171873
0.34028968811035154
0.09471855163574217
0.17315826416015623
0.2923675537109375
0.10806999206542967
0.2051063537597656
0.14502487182617185

