0.09424171447753904
0.1714893341064453
0.313348388671875
0.37891349792480467
0.3367134094238281
0.22131881713867185
0.09209594726562498
0.0715919494628906
0.20105323791503904
0.26399574279785154
0.3913112640380859
0.30858001708984373
0.18817863464355467
0.0754066467285156
0.15313110351562498
0.2597042083740234
0.3450580596923828
0.24468383789062498
0.10902366638183592
0.15146217346191404
0.22441825866699217
0.3340908050537109
0.08899650573730467
0.1726814270019531
0.3150173187255859
0.13668022155761717
0.23276290893554685
0.1371570587158203

