0.08851966857910154
0.16624412536621092
0.3131099700927734
0.38082084655761717
0.3355213165283203
0.21988830566406248
0.07898292541503904
0.06825408935546873
0.19199333190917967
0.26328048706054685
0.39631805419921873
0.3016658782958984
0.19843063354492185
0.0696846008300781
0.15599212646484373
0.2597042083740234
0.32169303894042967
0.24945220947265623
0.10306320190429685
0.14740905761718748
0.23109397888183592
0.30905685424804685
0.09471855163574217
0.16719779968261717
0.3138252258300781
0.13310394287109373
0.23300132751464842
0.13691864013671873

