0.06610832214355467
0.17554244995117185
0.2935596466064453
0.3114410400390625
0.31024894714355467
0.20367584228515623
0.09042701721191404
0.07492980957031248
0.17029724121093748
0.2706714630126953
0.39822540283203123
0.30285797119140623
0.19390068054199217
0.05013427734374998
0.12976608276367185
0.20868263244628904
0.3507801055908203
0.24492225646972654
0.10640106201171873
0.13191184997558592
0.22966346740722654
0.30977210998535154
0.09567222595214842
0.17864189147949217
0.2935596466064453
0.11450729370117185
0.20677528381347654
0.14311752319335935

