0.0925727844238281
0.1924701690673828
0.30858001708984373
0.35221061706542967
0.33266029357910154
0.21821937561035154
0.09352645874023435
0.06348571777343748
0.19509277343749998
0.26375732421875
0.39107284545898435
0.30023536682128904
0.19890747070312498
0.06443939208984373
0.14454803466796873
0.25493583679199217
0.3188320159912109
0.2375312805175781
0.08923492431640623
0.1364418029785156
0.22155723571777342
0.29832801818847654
0.07659873962402342
0.16147575378417967
0.3069110870361328
0.12833557128906248
0.21941146850585935
0.12618980407714842

