0.09209594726562498
0.1669593811035156
0.30953369140625
0.3550716400146484
0.33719024658203123
0.22131881713867185
0.09400329589843748
0.0754066467285156
0.19914588928222654
0.26375732421875
0.39607963562011717
0.336236572265625
0.1924701690673828
0.06443939208984373
0.1517005920410156
0.2604194641113281
0.3500648498535156
0.24802169799804685
0.1040168762207031
0.1497932434082031
0.22918663024902342
0.33504447937011717
0.08780441284179685
0.1676746368408203
0.31978569030761717
0.13548812866210935
0.23347816467285154
0.13572654724121092

