0.08398971557617185
0.16743621826171873
0.3112026214599609
0.3801055908203125
0.3283687591552734
0.22322616577148435
0.09161911010742185
0.07087669372558592
0.20057640075683592
0.26637992858886717
0.39751014709472654
0.2978511810302734
0.19843063354492185
0.07230720520019529
0.15789947509765623
0.259942626953125
0.32932243347167967
0.24873695373535154
0.10306320190429685
0.15074691772460935
0.23419342041015623
0.32884559631347654
0.08971176147460935
0.17935714721679685
0.3157325744628906
0.13405761718749998
0.23896179199218748
0.14049491882324217

