0.08780441284179685
0.1669593811035156
0.31167945861816404
0.3832050323486328
0.3348060607910156
0.21750411987304685
0.09161911010742185
0.06992301940917967
0.16672096252441404
0.2680488586425781
0.33575973510742185
0.27782402038574217
0.1848407745361328
0.07326087951660154
0.15027008056640623
0.2580352783203125
0.3443428039550781
0.24539909362792967
0.1040168762207031
0.15003166198730467
0.23133239746093748
0.3290840148925781
0.09352645874023435
0.17196617126464842
0.3107257843017578
0.1295276641845703
0.23085556030273435
0.13548812866210935

