0.09209594726562498
0.16815147399902342
0.32503089904785154
0.3798671722412109
0.3328987121582031
0.21774253845214842
0.09614906311035154
0.06730041503906248
0.17768821716308592
0.26447257995605467
0.343865966796875
0.2725788116455078
0.1905628204345703
0.08160552978515623
0.15527687072753904
0.26089630126953123
0.3266998291015625
0.24492225646972654
0.10759315490722654
0.15408477783203123
0.22847137451171873
0.3290840148925781
0.10044059753417967
0.19390068054199217
0.31930885314941404
0.13930282592773435
0.2356239318847656
0.14192543029785154

