0.10950050354003904
0.16838989257812498
0.3119178771972656
0.3724761962890625
0.33885917663574217
0.23085556030273435
0.09328804016113279
0.06658515930175779
0.17291984558105467
0.2616115570068359
0.34005126953125
0.2833076477050781
0.1936622619628906
0.06849250793457029
0.1478858947753906
0.26137313842773435
0.3290840148925781
0.24182281494140623
0.09853324890136717
0.14836273193359373
0.2241798400878906
0.3348060607910156
0.08899650573730467
0.1688667297363281
0.3171630859375
0.1352497100830078
0.24182281494140623
0.13572654724121092

