0.1002021789550781
0.18388710021972654
0.3183551788330078
0.37533721923828123
0.32503089904785154
0.22203407287597654
0.09686431884765623
0.06491622924804685
0.17363510131835935
0.2577968597412109
0.3417201995849609
0.27806243896484373
0.18627128601074217
0.07063827514648435
0.14717063903808592
0.25493583679199217
0.35173377990722654
0.2439685821533203
0.10044059753417967
0.14574012756347654
0.2241798400878906
0.33075294494628904
0.09114227294921873
0.16219100952148435
0.3100105285644531
0.1326271057128906
0.23681602478027342
0.13930282592773435

