0.09400329589843748
0.16838989257812498
0.31048736572265623
0.37772140502929685
0.3355213165283203
0.22251091003417967
0.0887580871582031
0.07206878662109373
0.20248374938964842
0.2649494171142578
0.3469654083251953
0.27210197448730467
0.19342384338378904
0.07111511230468748
0.14836273193359373
0.25445899963378904
0.34839591979980467
0.24873695373535154
0.09996376037597654
0.15146217346191404
0.22823295593261717
0.33719024658203123
0.09591064453124998
0.17005882263183592
0.3131099700927734
0.13429603576660154
0.23014030456542967
0.13977966308593748

