0.09018859863281248
0.1676746368408203
0.31668624877929685
0.3812976837158203
0.3321834564208984
0.2229877471923828
0.09710273742675779
0.06896934509277342
0.1733966827392578
0.2616115570068359
0.3412433624267578
0.2725788116455078
0.1867481231689453
0.07063827514648435
0.14883956909179685
0.2554126739501953
0.35292587280273435
0.24635276794433592
0.09972534179687498
0.14812431335449217
0.22441825866699217
0.3259845733642578
0.09591064453124998
0.17125091552734373
0.31406364440917967
0.1288124084472656
0.2325244903564453
0.14073333740234373

