0.09138069152832029
0.17291984558105467
0.3088184356689453
0.37891349792480467
0.33122978210449217
0.2184577941894531
0.09471855163574217
0.07254562377929685
0.1791187286376953
0.26256523132324217
0.3495880126953125
0.27472457885742185
0.19795379638671873
0.06873092651367185
0.14740905761718748
0.259942626953125
0.3519721984863281
0.26590309143066404
0.10473213195800779
0.15408477783203123
0.22441825866699217
0.3336139678955078
0.08995018005371092
0.17101249694824217
0.31430206298828123
0.1326271057128906
0.2382465362548828
0.13691864013671873

