0.09114227294921873
0.17411193847656248
0.3126331329345703
0.37772140502929685
0.36889991760253904
0.2203651428222656
0.09877166748046873
0.07039985656738279
0.19604644775390623
0.2649494171142578
0.3424354553222656
0.2821155548095703
0.1936622619628906
0.06920776367187498
0.16052207946777342
0.2561279296875
0.35411796569824217
0.2737709045410156
0.10663948059082029
0.14907798767089842
0.2287097930908203
0.34028968811035154
0.09042701721191404
0.1676746368408203
0.31787834167480467
0.13167343139648435
0.24158439636230467
0.14168701171874998

