0.08756599426269529
0.1707740783691406
0.31287155151367185
0.37390670776367185
0.3386207580566406
0.22584877014160154
0.0906654357910156
0.06753883361816404
0.19151649475097654
0.26375732421875
0.34672698974609373
0.2744861602783203
0.19103965759277342
0.06944618225097654
0.1517005920410156
0.25827369689941404
0.351495361328125
0.24444541931152342
0.12642822265624998
0.1524158477783203
0.22561035156249998
0.33337554931640623
0.09090385437011717
0.16648254394531248
0.3164478302001953
0.13167343139648435
0.23204765319824217
0.14264068603515623

