0.09328804016113279
0.16838989257812498
0.3107257843017578
0.36007843017578123
0.3367134094238281
0.22918663024902342
0.09948692321777342
0.07135353088378904
0.2020069122314453
0.2630420684814453
0.34481964111328123
0.28187713623046873
0.18722496032714842
0.07397613525390623
0.15384635925292967
0.2616115570068359
0.35101852416992185
0.27543983459472654
0.10520896911621092
0.15265426635742185
0.22942504882812498
0.3309913635253906
0.0944801330566406
0.16862831115722654
0.3107257843017578
0.1364418029785156
0.23490867614746092
0.1402565002441406

