0.08804283142089842
0.1676746368408203
0.3112026214599609
0.37342987060546873
0.32932243347167967
0.2210803985595703
0.08947334289550779
0.06730041503906248
0.16862831115722654
0.26518783569335935
0.3424354553222656
0.2732940673828125
0.18770179748535154
0.07183036804199217
0.15336952209472654
0.25946578979492185
0.34982643127441404
0.2687641143798828
0.0982948303222656
0.1581378936767578
0.2287097930908203
0.33266029357910154
0.09138069152832029
0.1707740783691406
0.3126331329345703
0.1364418029785156
0.23395500183105467
0.13691864013671873

