0.0963874816894531
0.1695819854736328
0.29499015808105467
0.35864791870117185
0.31048736572265623
0.2248950958251953
0.09591064453124998
0.06849250793457029
0.20057640075683592
0.26637992858886717
0.3531642913818359
0.2763935089111328
0.19270858764648435
0.07063827514648435
0.1543231964111328
0.26208839416503904
0.34791908264160154
0.28116188049316404
0.10044059753417967
0.15193901062011717
0.23657760620117185
0.3317066192626953
500.7899471282959
0.17554244995117185
0.32193145751953123
0.1364418029785156
0.23014030456542967
0.13787231445312498

