0.08899650573730467
0.16529045104980467
0.32121620178222654
0.3565021514892578
0.33456764221191404
0.22394142150878904
0.09114227294921873
0.0677772521972656
0.19795379638671873
0.26208839416503904
0.38344345092773435
0.27543983459472654
0.1962848663330078
0.07516822814941404
0.1524158477783203
0.26018104553222654
0.35411796569824217
0.27210197448730467
0.10640106201171873
0.15313110351562498
0.22537193298339842
0.33122978210449217
0.0906654357910156
0.20558319091796873
0.31406364440917967
0.12976608276367185
0.23395500183105467
0.13429603576660154

