0.09591064453124998
0.1733966827392578
0.31215629577636717
0.351495361328125
0.3359981536865234
0.22465667724609373
0.09471855163574217
0.06658515930175779
0.2012916564941406
0.2692409515380859
0.3476806640625
0.27782402038574217
0.19700012207031248
0.07492980957031248
0.15480003356933592
0.2656646728515625
0.38725814819335935
0.2718635559082031
0.10425529479980467
0.15122375488281248
0.22942504882812498
0.33504447937011717
0.09471855163574217
0.1772113800048828
0.30834159851074217
0.14121017456054685
0.23705444335937498
0.1371570587158203

