0.09233436584472654
0.18269500732421873
0.31430206298828123
0.3493495941162109
0.33456764221191404
0.2210803985595703
0.0925727844238281
0.07111511230468748
0.19962272644042967
0.2649494171142578
0.34648857116699217
0.27901611328125
0.18913230895996092
0.07230720520019529
0.1593299865722656
0.2611347198486328
0.35054168701171873
0.27353248596191404
0.10520896911621092
0.1478858947753906
0.22632560729980467
0.33575973510742185
0.09853324890136717
0.17220458984374998
0.31597099304199217
0.14121017456054685
0.2363391876220703
0.1390644073486328

