0.08518180847167967
0.1459785461425781
0.31358680725097654
0.35364112854003904
0.33575973510742185
0.2260871887207031
0.09018859863281248
0.07230720520019529
0.1962848663330078
0.2630420684814453
0.34219703674316404
0.2806850433349609
0.19199333190917967
0.07469139099121092
0.15146217346191404
0.26208839416503904
0.3443428039550781
0.26971778869628904
0.10187110900878904
0.15193901062011717
0.22656402587890623
0.332421875
0.0849433898925781
0.17363510131835935
0.3119178771972656
0.13000450134277342
0.23228607177734373
0.14144859313964842

