0.08923492431640623
0.1517005920410156
0.3138252258300781
0.35030326843261717
0.3398128509521484
0.2268024444580078
0.08995018005371092
0.0658699035644531
0.20081481933593748
0.2673336029052734
0.3412433624267578
0.2775856018066406
0.18960914611816404
0.07302246093749998
0.15503845214843748
0.27043304443359373
0.3476806640625
0.26971778869628904
0.10377845764160154
0.14955482482910154
0.22894821166992185
0.33385238647460935
0.09042701721191404
0.16481361389160154
0.31287155151367185
0.13572654724121092
0.2306171417236328
0.13310394287109373

