0.09662590026855467
0.14907798767089842
0.3145404815673828
0.3309913635253906
0.31430206298828123
0.22131881713867185
0.0963874816894531
0.0658699035644531
0.2000995635986328
0.27019462585449217
0.34791908264160154
0.2806850433349609
0.18579444885253904
0.07326087951660154
0.1562305450439453
0.2542205810546875
0.34982643127441404
0.27210197448730467
0.11236152648925779
0.1517005920410156
0.22656402587890623
0.3290840148925781
0.09304962158203123
0.16743621826171873
0.31787834167480467
0.13000450134277342
0.2325244903564453
0.13286552429199217

