0.0849433898925781
0.15146217346191404
0.33647499084472654
0.34529647827148435
0.31549415588378904
0.22322616577148435
0.08637390136718748
0.07230720520019529
0.19509277343749998
0.26471099853515623
0.34839591979980467
0.27353248596191404
0.1962848663330078
0.07111511230468748
0.15027008056640623
0.2618499755859375
0.3755756378173828
0.2680488586425781
0.10234794616699217
0.15575370788574217
0.22847137451171873
0.33647499084472654
0.0925727844238281
0.17291984558105467
0.3297992706298828
0.13691864013671873
0.23490867614746092
0.1676746368408203

