0.08947334289550779
0.1505084991455078
0.3131099700927734
0.3138252258300781
0.3150173187255859
0.22537193298339842
0.08851966857910154
0.06920776367187498
0.19723854064941404
0.2694793701171875
0.3412433624267578
0.27424774169921873
0.19461593627929685
0.07039985656738279
0.15217742919921873
0.26375732421875
0.3495880126953125
0.2656646728515625
0.10163269042968748
0.14931640624999998
0.22537193298339842
0.3340908050537109
0.09686431884765623
0.17554244995117185
0.31430206298828123
0.13691864013671873
0.23204765319824217
0.1726814270019531

