0.0887580871582031
0.1428791046142578
0.31477890014648435
0.3305145263671875
0.31215629577636717
0.22155723571777342
0.09281120300292967
0.06992301940917967
0.20415267944335935
0.26018104553222654
0.3500648498535156
0.27281723022460935
0.18889389038085935
0.07707557678222654
0.1562305450439453
0.2635189056396484
0.3512569427490234
0.27424774169921873
0.10163269042968748
0.15289268493652342
0.22823295593261717
0.3328987121582031
0.09424171447753904
0.1733966827392578
0.3190704345703125
0.13358078002929685
0.23610076904296873
0.16409835815429685

