0.09209594726562498
0.14502487182617185
0.31287155151367185
0.3309913635253906
0.30977210998535154
0.21893463134765623
0.09328804016113279
0.06706199645996092
0.19723854064941404
0.26280364990234373
0.3450580596923828
0.27591667175292967
0.19485435485839842
0.07087669372558592
0.15766105651855467
0.28044662475585935
0.3545948028564453
0.27210197448730467
0.1097389221191406
0.16338310241699217
0.22918663024902342
0.33313713073730467
0.08947334289550779
0.16624412536621092
0.31740150451660154
0.13215026855468748
0.23657760620117185
0.16242942810058592

