0.09400329589843748
0.1524158477783203
0.31239471435546873
0.33003768920898435
0.3297992706298828
0.20486793518066404
0.09805641174316404
0.07254562377929685
0.19700012207031248
0.26971778869628904
0.34601173400878904
0.28688392639160154
0.18126449584960935
0.058478927612304665
0.14907798767089842
0.2520748138427734
0.34148178100585935
0.25875053405761717
0.08756599426269529
0.14073333740234373
0.21821937561035154
0.32360038757324217
0.07779083251953123
0.15718421936035154
0.30333480834960935
0.12332878112792967
0.22656402587890623
0.15503845214843748

