0.0925727844238281
0.1536079406738281
0.31668624877929685
0.3317066192626953
0.3150173187255859
0.1993843078613281
0.09209594726562498
0.06849250793457029
0.2020069122314453
0.27090988159179685
0.3424354553222656
0.2749629974365234
0.2012916564941406
0.07016143798828123
0.15766105651855467
0.2580352783203125
0.3495880126953125
0.26375732421875
0.10234794616699217
0.15456161499023435
0.22942504882812498
0.33313713073730467
0.09400329589843748
0.17125091552734373
0.3100105285644531
0.13095817565917967
0.23586235046386717
0.1619525909423828

