0.08661231994628904
0.16600570678710935
0.29069862365722654
0.3767677307128906
0.3126331329345703
0.22251091003417967
0.09352645874023435
0.07588348388671873
0.17053565979003904
0.2635189056396484
0.3927417755126953
0.3023811340332031
0.19318542480468748
0.07445297241210935
0.1543231964111328
0.21202049255371092
0.35173377990722654
0.24730644226074217
0.0792213439941406
0.13930282592773435
0.2401538848876953
0.33456764221191404
0.09400329589843748
0.17959556579589842
0.29189071655273435
0.11045417785644529
0.21202049255371092
0.1421638488769531

