0.08947334289550779
0.14430961608886717
0.313348388671875
0.33456764221191404
0.3114410400390625
0.2210803985595703
0.09400329589843748
0.06873092651367185
0.1943775177001953
0.2694793701171875
0.3469654083251953
0.2794929504394531
0.19604644775390623
0.07254562377929685
0.14931640624999998
0.2661415100097656
0.3493495941162109
0.2814002990722656
0.10759315490722654
0.14931640624999998
0.2299018859863281
0.36365470886230467
0.09328804016113279
0.1943775177001953
0.31811676025390623
0.13119659423828123
0.2363391876220703
0.16219100952148435

