0.08828124999999998
0.1505084991455078
0.3073879241943359
0.33838233947753904
0.31024894714355467
0.22537193298339842
0.08804283142089842
0.06324729919433592
0.19127807617187498
0.27472457885742185
0.3476806640625
0.27734718322753904
0.18960914611816404
0.07254562377929685
0.15384635925292967
0.2363391876220703
0.35364112854003904
0.27400932312011717
0.10258636474609373
0.14931640624999998
0.2287097930908203
0.33194503784179685
0.09376487731933592
0.19771537780761717
0.32383880615234373
0.1390644073486328
0.24086914062499998
0.16242942810058592

