0.09114227294921873
0.14574012756347654
0.31740150451660154
0.33266029357910154
0.31215629577636717
0.22370300292968748
0.09090385437011717
0.07039985656738279
0.19962272644042967
0.26852569580078123
0.3431507110595703
0.27210197448730467
0.19461593627929685
0.07469139099121092
0.16290626525878904
0.2577968597412109
0.34720382690429685
0.26852569580078123
0.13787231445312498
0.15313110351562498
0.2287097930908203
0.33575973510742185
0.09209594726562498
0.17005882263183592
0.31740150451660154
0.13787231445312498
0.23967704772949217
0.16457519531249998

