0.08542022705078123
0.14931640624999998
0.3176399230957031
0.33909759521484373
0.30595741271972654
0.19342384338378904
0.0925727844238281
0.07492980957031248
0.20105323791503904
0.26637992858886717
0.34863433837890623
0.2749629974365234
0.19008598327636717
0.07397613525390623
0.15313110351562498
0.25493583679199217
0.3481575012207031
0.275201416015625
0.10616264343261717
0.1536079406738281
0.23157081604003904
0.34219703674316404
0.09686431884765623
0.19413909912109373
0.31811676025390623
0.13596496582031248
0.23323974609374998
0.17125091552734373

