0.09161911010742185
0.14383277893066404
0.3157325744628906
0.33003768920898435
0.31430206298828123
0.19771537780761717
0.09233436584472654
0.06753883361816404
0.19270858764648435
0.26375732421875
0.34458122253417967
0.2711483001708984
0.19580802917480467
0.06992301940917967
0.15289268493652342
0.25875053405761717
0.3474422454833984
0.26590309143066404
0.10520896911621092
0.15456161499023435
0.22847137451171873
0.33122978210449217
0.09281120300292967
0.19342384338378904
0.3100105285644531
0.13596496582031248
0.22847137451171873
0.16600570678710935

