0.08613548278808592
0.14621696472167967
0.3112026214599609
0.3290840148925781
0.31477890014648435
0.19413909912109373
0.09591064453124998
0.0639625549316406
0.2012916564941406
0.26328048706054685
0.34672698974609373
0.2737709045410156
0.19485435485839842
0.07087669372558592
0.15074691772460935
0.2542205810546875
0.3545948028564453
0.27162513732910154
0.09853324890136717
0.14812431335449217
0.22918663024902342
0.34076652526855467
0.13191184997558592
0.1962848663330078
0.3150173187255859
0.13405761718749998
0.23776969909667967
0.16815147399902342

