0.08828124999999998
0.1714893341064453
0.29069862365722654
0.336236572265625
0.31024894714355467
0.2306171417236328
0.09352645874023435
0.06920776367187498
0.17435035705566404
0.26518783569335935
0.3958412170410156
0.3061958312988281
0.19390068054199217
0.07278404235839842
0.1326271057128906
0.24110755920410154
0.3495880126953125
0.25183639526367185
0.11307678222656248
0.13405761718749998
0.22966346740722654
0.3381439208984375
0.09185752868652342
0.1707740783691406
0.28545341491699217
0.11283836364746092
0.21058998107910154
0.14335594177246092

