0.08923492431640623
0.1733966827392578
0.27043304443359373
0.3348060607910156
0.3114410400390625
0.22370300292968748
0.09114227294921873
0.07373771667480467
0.1772113800048828
0.26471099853515623
0.3991790771484375
0.30333480834960935
0.1905628204345703
0.07755241394042967
0.12595138549804685
0.23586235046386717
0.3531642913818359
0.2477832794189453
0.08017501831054685
0.1345344543457031
0.22751770019531248
0.31358680725097654
0.08971176147460935
0.17888031005859373
0.31978569030761717
0.10687789916992185
0.20725212097167967
0.13930282592773435

