0.09304962158203123
0.16529045104980467
0.26065788269042967
0.33528289794921873
0.3126331329345703
0.22251091003417967
0.09543380737304685
0.07373771667480467
0.1733966827392578
0.26137313842773435
0.37390670776367185
0.30095062255859373
0.19413909912109373
0.07421455383300779
0.12785873413085935
0.23967704772949217
0.3474422454833984
0.2420612335205078
0.10544738769531248
0.12905082702636717
0.22537193298339842
0.33337554931640623
0.09042701721191404
0.17315826416015623
0.31287155151367185
0.10735473632812498
0.2039142608642578
0.14430961608886717

