0.09114227294921873
0.1764961242675781
0.2656646728515625
0.3309913635253906
0.31549415588378904
0.2306171417236328
0.09901008605957029
0.06730041503906248
0.1745887756347656
0.26852569580078123
0.36818466186523435
0.30595741271972654
0.19580802917480467
0.06873092651367185
500.7224746704102
0.23514709472656248
0.3565021514892578
0.24444541931152342
0.08065185546874998
0.1345344543457031
0.2325244903564453
0.33266029357910154
0.08828124999999998
0.17244300842285154
0.3169246673583984
0.11307678222656248
0.21106681823730467
0.1383491516113281

