0.09042701721191404
0.16672096252441404
0.2649494171142578
0.3367134094238281
0.3374286651611328
0.22084197998046873
0.09424171447753904
0.07492980957031248
0.17506561279296873
0.2661415100097656
0.37724456787109373
0.30476531982421873
0.19700012207031248
0.07802925109863279
0.13000450134277342
0.23729286193847654
0.3531642913818359
0.24873695373535154
0.08422813415527342
0.13429603576660154
0.22966346740722654
0.3343292236328125
0.09304962158203123
0.16982040405273435
0.31358680725097654
0.1135536193847656
0.2134510040283203
0.14931640624999998

