0.09090385437011717
0.19151649475097654
0.2699562072753906
0.35364112854003904
0.3419586181640625
0.22012672424316404
0.0906654357910156
0.07063827514648435
0.17435035705566404
0.2618499755859375
0.37128410339355467
0.30023536682128904
0.1917549133300781
0.07135353088378904
0.1257129669189453
0.2356239318847656
0.35626373291015623
0.24277648925781248
0.07826766967773435
0.14955482482910154
0.23776969909667967
0.3171630859375
0.0925727844238281
0.1733966827392578
0.29713592529296873
0.13572654724121092
0.21297416687011717
0.1409717559814453

