0.09328804016113279
0.17601928710937498
0.2961822509765625
0.3340908050537109
0.3171630859375
0.22370300292968748
0.09185752868652342
0.07421455383300779
0.1772113800048828
0.2642341613769531
0.3913112640380859
0.301904296875
0.19270858764648435
0.0715919494628906
0.1352497100830078
0.23514709472656248
0.35101852416992185
0.24635276794433592
0.08089027404785154
0.1517005920410156
0.22465667724609373
0.31096420288085935
0.08899650573730467
0.17482719421386717
0.28736076354980467
0.1314350128173828
0.2039142608642578
0.14359436035156248

