0.10425529479980467
0.17363510131835935
0.20224533081054685
0.3038116455078125
0.19604644775390623
0.19223175048828123
0.07707557678222654
0.14550170898437498
0.23276290893554685
0.3894039154052734
0.5829998016357423
0.443048095703125
0.2699562072753906
0.11474571228027342
0.1524158477783203
0.19270858764648435
0.33146820068359373
0.23323974609374998
0.09996376037597654
0.14883956909179685
0.26065788269042967
0.26637992858886717
0.06491622924804685
0.16171417236328123
0.2504058837890625
0.07755241394042967
0.15098533630371092
0.08422813415527342

