0.10616264343261717
0.17172775268554685
0.2203651428222656
0.2961822509765625
0.1955696105957031
0.17983398437499998
0.0849433898925781
0.17005882263183592
0.25445899963378904
0.3932186126708984
0.7942386627197267
0.44900856018066404
0.31978569030761717
0.0925727844238281
0.15408477783203123
0.22012672424316404
0.33695182800292967
0.2337165832519531
0.10306320190429685
0.14645538330078123
0.25755844116210935
0.27234039306640623
0.022000885009765606
0.15694580078124998
0.2527900695800781
0.08804283142089842
0.15694580078124998
0.09519538879394529

