0.11140785217285154
0.14121017456054685
0.1898475646972656
0.2947517395019531
0.16838989257812498
0.1536079406738281
0.07683715820312498
0.09161911010742185
0.12094459533691404
0.2051063537597656
0.23538551330566404
0.2477832794189453
0.1211830139160156
0.09138069152832029
0.15694580078124998
0.22203407287597654
0.33504447937011717
0.20606002807617185
0.06825408935546873
0.15265426635742185
0.22775611877441404
0.2394386291503906
0.06086311340332029
0.1345344543457031
0.19986114501953123
0.0410743713378906
0.12523612976074217
0.05585632324218748

