0.10997734069824217
0.14502487182617185
0.19676170349121092
0.28879127502441404
0.17578086853027342
0.15313110351562498
0.07707557678222654
0.0868507385253906
0.12213668823242185
0.20057640075683592
0.23014030456542967
0.24420700073242185
0.11903724670410154
0.08375129699707029
0.15027008056640623
0.2172657012939453
0.3336139678955078
0.20439109802246092
0.06658515930175779
0.11879882812499998
0.22060356140136717
0.24301490783691404
0.06610832214355467
0.13286552429199217
0.19676170349121092
0.04727325439453123
0.12833557128906248
0.04775009155273435

