0.10497055053710935
0.14168701171874998
0.19270858764648435
0.29379806518554685
0.17411193847656248
0.1486011505126953
0.0734992980957031
0.0925727844238281
0.1276203155517578
0.2051063537597656
0.20987472534179685
0.24444541931152342
0.12070617675781248
0.09138069152832029
0.15074691772460935
0.2191730499267578
0.33313713073730467
0.20987472534179685
0.06849250793457029
0.12213668823242185
0.22274932861328123
0.24754486083984373
0.06300888061523435
0.1295276641845703
0.19199333190917967
0.04751167297363279
0.12475929260253904
0.0544258117675781

