0.10997734069824217
0.15027008056640623
0.18937072753906248
0.2878376007080078
0.16600570678710935
0.1505084991455078
0.07588348388671873
0.09042701721191404
0.11808357238769529
0.20176849365234373
0.2279945373535156
0.24849853515624998
0.11808357238769529
0.08923492431640623
0.1440711975097656
0.22441825866699217
0.3317066192626953
0.23133239746093748
0.06849250793457029
0.14311752319335935
0.22251091003417967
0.24921379089355467
0.06539306640624998
0.13119659423828123
0.19223175048828123
0.03869018554687498
0.12809715270996092
0.06086311340332029

