0.10806999206542967
0.14311752319335935
0.1917549133300781
0.2921291351318359
0.17101249694824217
0.15027008056640623
0.07516822814941404
0.0868507385253906
0.11999092102050779
0.20462951660156248
0.23538551330566404
0.24468383789062498
0.12189826965332029
0.08518180847167967
0.1524158477783203
0.21941146850585935
0.33313713073730467
0.20987472534179685
0.07016143798828123
0.14264068603515623
0.22394142150878904
0.24301490783691404
0.06753883361816404
0.12857398986816404
0.1848407745361328
0.04536590576171873
0.14621696472167967
0.06110153198242185

