0.1078315734863281
0.1402565002441406
0.19342384338378904
0.28688392639160154
0.16672096252441404
0.15027008056640623
0.07039985656738279
0.0925727844238281
0.1249977111816406
0.2070137023925781
0.23157081604003904
0.2496906280517578
0.12094459533691404
0.06873092651367185
0.15003166198730467
0.21368942260742185
0.3340908050537109
0.2020069122314453
0.06992301940917967
0.14359436035156248
0.21988830566406248
0.24039230346679685
0.0620552062988281
0.13024291992187498
0.19461593627929685
0.0410743713378906
0.18555603027343748
0.06730041503906248

