0.10711631774902342
0.14383277893066404
0.19652328491210935
0.2954669952392578
0.19580802917480467
0.15289268493652342
0.07683715820312498
0.09114227294921873
0.12380561828613279
0.20629844665527342
0.2096363067626953
0.2420612335205078
0.12547454833984373
0.09018859863281248
0.15313110351562498
0.22131881713867185
0.332421875
0.20939788818359373
0.06706199645996092
0.15193901062011717
0.22251091003417967
0.24659118652343748
0.06372413635253904
0.12833557128906248
0.19008598327636717
0.04655799865722654
0.14574012756347654
0.057525253295898415

