0.10616264343261717
0.14359436035156248
0.20296058654785154
0.28688392639160154
0.19270858764648435
0.1524158477783203
0.07302246093749998
0.0906654357910156
0.12618980407714842
0.20105323791503904
0.22775611877441404
0.23800811767578123
0.14240226745605467
0.08446655273437498
0.15074691772460935
0.21368942260742185
0.33003768920898435
0.2031990051269531
0.06920776367187498
0.15408477783203123
0.21893463134765623
0.2718635559082031
0.06277046203613279
0.13119659423828123
0.19032440185546873
0.05132637023925779
0.14645538330078123
0.053710556030273415

