0.10950050354003904
0.1459785461425781
0.19962272644042967
0.2630420684814453
0.17291984558105467
0.15718421936035154
0.07230720520019529
0.09018859863281248
0.12237510681152342
0.20534477233886717
0.23800811767578123
0.24420700073242185
0.11975250244140623
0.09185752868652342
0.15122375488281248
0.2191730499267578
0.3348060607910156
0.20629844665527342
0.07206878662109373
0.14574012756347654
0.22847137451171873
0.24730644226074217
0.0639625549316406
0.13095817565917967
0.19390068054199217
0.045127487182617165
0.15480003356933592
0.0582405090332031

