0.10306320190429685
0.14502487182617185
0.19533119201660154
0.2923675537109375
0.19151649475097654
0.15384635925292967
0.0734992980957031
0.08708915710449217
0.12714347839355467
0.2039142608642578
0.2375312805175781
0.24182281494140623
0.12142143249511717
0.08351287841796873
0.14883956909179685
0.21821937561035154
0.336236572265625
0.20987472534179685
0.06634674072265623
0.17125091552734373
0.2222724914550781
0.24158439636230467
0.06634674072265623
0.13787231445312498
0.19652328491210935
0.05013427734374998
0.15146217346191404
0.7434555053710938

