0.10830841064453123
0.14621696472167967
0.19509277343749998
0.29451332092285154
0.1905628204345703
0.16028366088867185
0.07945976257324217
0.08756599426269529
0.12809715270996092
0.2077289581298828
0.24277648925781248
0.24921379089355467
0.11975250244140623
0.09042701721191404
0.14907798767089842
0.22203407287597654
0.33528289794921873
0.2248950958251953
0.06515464782714842
0.14383277893066404
0.22847137451171873
0.24110755920410154
0.09328804016113279
0.13381919860839842
0.19270858764648435
0.07707557678222654
0.14693222045898435
0.05680999755859373

