0.11045417785644529
0.14359436035156248
0.2012916564941406
0.32622299194335935
0.1936622619628906
0.15193901062011717
0.07707557678222654
0.09281120300292967
0.12142143249511717
0.2012916564941406
0.23347816467285154
0.24301490783691404
0.11474571228027342
0.07397613525390623
0.15336952209472654
0.2165504455566406
0.33528289794921873
0.20462951660156248
0.0715919494628906
0.15122375488281248
0.22441825866699217
0.2432533264160156
0.07063827514648435
0.1390644073486328
0.1924701690673828
0.04918060302734373
0.14931640624999998
0.06157836914062498

