0.10806999206542967
0.1466938018798828
0.19676170349121092
0.2966590881347656
0.1924701690673828
0.16266784667968748
0.07445297241210935
0.09877166748046873
0.12285194396972654
0.20725212097167967
0.2356239318847656
0.26781044006347654
0.12046775817871092
0.08851966857910154
0.1505084991455078
0.21488151550292967
0.3340908050537109
0.20296058654785154
0.07087669372558592
0.14907798767089842
0.22155723571777342
0.24611434936523435
0.06420097351074217
0.1371570587158203
0.1867481231689453
0.07206878662109373
0.1459785461425781
0.05776367187499998

