0.11474571228027342
0.1803108215332031
0.2229877471923828
0.3233619689941406
0.20176849365234373
0.1829334259033203
0.07421455383300779
0.17482719421386717
0.31096420288085935
0.46426734924316404
0.8390613555908204
0.49311599731445316
0.32002410888671873
0.09352645874023435
0.15027008056640623
0.22060356140136717
0.3321834564208984
0.23276290893554685
0.10544738769531248
0.14574012756347654
0.2535053253173828
0.2973743438720703
0.06420097351074217
0.16028366088867185
0.24826011657714842
0.07945976257324217
0.15289268493652342
0.08756599426269529

