0.1040168762207031
0.14621696472167967
0.19866905212402342
0.2902217864990234
0.19413909912109373
0.15503845214843748
0.06849250793457029
0.0887580871582031
0.1230903625488281
0.20367584228515623
0.23133239746093748
0.2375312805175781
0.12094459533691404
0.09138069152832029
0.14574012756347654
0.2210803985595703
0.32813034057617185
0.20749053955078123
0.07135353088378904
0.13882598876953123
0.22131881713867185
0.24635276794433592
0.07063827514648435
0.1307197570800781
0.19103965759277342
0.07373771667480467
0.1447864532470703
0.061339950561523415

