0.1097389221191406
0.14454803466796873
0.19533119201660154
0.28569183349609373
0.18937072753906248
0.1581378936767578
0.0754066467285156
0.09400329589843748
0.12332878112792967
0.20606002807617185
0.23228607177734373
0.24492225646972654
0.12261352539062498
0.08828124999999998
0.1486011505126953
0.20915946960449217
0.3302761077880859
0.20343742370605467
0.06825408935546873
0.1524158477783203
0.2210803985595703
0.2432533264160156
0.061339950561523415
0.12666664123535154
0.1917549133300781
0.07326087951660154
0.15599212646484373
0.06491622924804685

