0.10354003906249998
0.15146217346191404
0.19509277343749998
0.2947517395019531
0.18698654174804685
0.15670738220214842
0.07397613525390623
0.09209594726562498
0.12261352539062498
0.1993843078613281
0.23347816467285154
0.24373016357421873
0.12285194396972654
0.08732757568359373
0.1517005920410156
0.21988830566406248
0.33146820068359373
0.20534477233886717
0.06706199645996092
0.15122375488281248
0.2260871887207031
0.2470680236816406
0.06706199645996092
0.1326271057128906
0.19413909912109373
0.06992301940917967
0.1486011505126953
0.06515464782714842

