0.10997734069824217
0.14574012756347654
0.19461593627929685
0.2954669952392578
0.1955696105957031
0.15193901062011717
0.0734992980957031
0.09114227294921873
0.12356719970703123
0.19986114501953123
0.23514709472656248
0.2420612335205078
0.11832199096679685
0.07612190246582029
0.15265426635742185
0.21702728271484373
0.33194503784179685
0.20534477233886717
0.07016143798828123
0.14836273193359373
0.22441825866699217
0.24492225646972654
0.07016143798828123
0.13238868713378904
0.19127807617187498
0.04822692871093748
0.14621696472167967
0.057525253295898415

