0.1040168762207031
0.16934356689453123
0.1955696105957031
0.2954669952392578
0.1943775177001953
0.15027008056640623
0.07564506530761717
0.09114227294921873
0.12618980407714842
0.20486793518066404
0.23657760620117185
0.24349174499511717
0.11999092102050779
0.08184394836425779
0.14907798767089842
0.21440467834472654
0.3348060607910156
0.2039142608642578
0.07039985656738279
0.15098533630371092
0.2203651428222656
0.2871223449707031
0.07039985656738279
0.13620338439941404
0.19103965759277342
0.07659873962402342
0.15599212646484373
0.0601478576660156

