0.1078315734863281
0.14764747619628904
0.19723854064941404
0.2885528564453125
0.18937072753906248
0.15289268493652342
500.8171268463135
0.11975250244140623
0.11951408386230467
0.2051063537597656
0.23967704772949217
0.24373016357421873
0.12189826965332029
0.08446655273437498
0.15122375488281248
0.21058998107910154
0.32813034057617185
0.20105323791503904
0.10044059753417967
0.17244300842285154
0.22465667724609373
0.24349174499511717
0.06372413635253904
0.13310394287109373
0.18960914611816404
0.07683715820312498
0.14836273193359373
0.061339950561523415

