0.10830841064453123
0.1447864532470703
0.19962272644042967
0.2959438323974609
0.19342384338378904
0.1562305450439453
0.07183036804199217
0.09352645874023435
0.12142143249511717
0.20796737670898435
0.23228607177734373
0.23920021057128904
0.12380561828613279
0.07969818115234373
0.15074691772460935
0.21631202697753904
0.3283687591552734
0.2089210510253906
0.07039985656738279
0.17888031005859373
0.2248950958251953
0.2401538848876953
0.06920776367187498
0.1333423614501953
0.1962848663330078
0.07373771667480467
0.15527687072753904
0.057525253295898415

