0.10878524780273435
0.1517005920410156
0.19604644775390623
0.28736076354980467
0.1917549133300781
0.15265426635742185
0.07373771667480467
0.09161911010742185
0.1249977111816406
0.20057640075683592
0.23586235046386717
0.23705444335937498
0.11403045654296873
0.08017501831054685
0.15408477783203123
0.2172657012939453
0.3302761077880859
0.2077289581298828
0.10520896911621092
0.14812431335449217
0.22179565429687498
0.24110755920410154
0.06348571777343748
0.1383491516113281
0.18960914611816404
0.06849250793457029
0.14574012756347654
0.0563331604003906

