0.10330162048339842
0.14383277893066404
0.19270858764648435
0.29379806518554685
0.1924701690673828
0.15670738220214842
0.07183036804199217
0.09114227294921873
0.12642822265624998
0.20153007507324217
0.23991546630859373
0.24349174499511717
0.12165985107421873
0.08780441284179685
0.14359436035156248
0.21893463134765623
0.328607177734375
0.20558319091796873
0.06753883361816404
0.14454803466796873
0.2268024444580078
0.24373016357421873
0.07206878662109373
0.13787231445312498
0.19485435485839842
0.09328804016113279
0.15384635925292967
0.055617904663085915

