0.10473213195800779
0.14359436035156248
0.1936622619628906
0.28879127502441404
0.1848407745361328
0.1593299865722656
0.0773139953613281
0.09495697021484373
0.13095817565917967
0.20248374938964842
0.24277648925781248
0.24563751220703123
0.11712989807128904
0.09042701721191404
0.14717063903808592
0.21702728271484373
0.32884559631347654
0.2051063537597656
0.06348571777343748
0.14717063903808592
0.22155723571777342
0.24802169799804685
0.06730041503906248
0.13119659423828123
0.18937072753906248
0.07397613525390623
0.15408477783203123
0.05299530029296873

