0.11188468933105467
0.17315826416015623
0.1974769592285156
0.28950653076171873
0.18889389038085935
0.15384635925292967
0.07087669372558592
0.09138069152832029
0.12714347839355467
0.2070137023925781
0.22966346740722654
0.24349174499511717
0.11474571228027342
0.08923492431640623
0.1497932434082031
0.21869621276855467
0.33075294494628904
0.20820579528808592
0.06539306640624998
0.14526329040527342
0.2229877471923828
0.2394386291503906
0.06348571777343748
0.13000450134277342
0.1943775177001953
0.07636032104492185
0.1505084991455078
0.05537948608398435

