0.10425529479980467
0.14168701171874998
0.2127357482910156
0.29451332092285154
0.20057640075683592
0.14812431335449217
0.0754066467285156
0.08804283142089842
0.12642822265624998
0.19962272644042967
0.2363391876220703
0.24110755920410154
0.12213668823242185
0.08422813415527342
0.14907798767089842
0.21893463134765623
0.32884559631347654
0.20462951660156248
0.06801567077636717
0.14717063903808592
0.22513351440429685
0.24611434936523435
0.0696846008300781
0.13429603576660154
0.21249732971191404
0.06634674072265623
0.1440711975097656
0.06062469482421873

