0.10950050354003904
0.15313110351562498
0.19604644775390623
0.290460205078125
0.19580802917480467
0.15217742919921873
0.07898292541503904
0.0944801330566406
0.12261352539062498
0.20248374938964842
0.24182281494140623
0.2458759307861328
0.12332878112792967
0.09376487731933592
0.12404403686523435
0.22513351440429685
0.3355213165283203
0.20653686523437498
0.06992301940917967
0.14574012756347654
0.22775611877441404
0.24110755920410154
0.06539306640624998
0.14073333740234373
0.19390068054199217
0.05514106750488279
0.1478858947753906
0.060386276245117165

