0.1116462707519531
0.17363510131835935
0.18889389038085935
0.28688392639160154
0.20081481933593748
0.15217742919921873
0.07469139099121092
0.11903724670410154
0.12022933959960935
0.20653686523437498
0.22727928161621092
0.24229965209960935
0.11403045654296873
0.08232078552246092
0.15575370788574217
0.21368942260742185
0.3283687591552734
0.2039142608642578
0.07111511230468748
0.14264068603515623
0.22537193298339842
0.24659118652343748
0.06515464782714842
0.13691864013671873
0.18746337890624998
0.07111511230468748
0.14645538330078123
0.060386276245117165

