0.10711631774902342
0.15146217346191404
0.20415267944335935
0.28998336791992185
0.19103965759277342
0.14836273193359373
0.0754066467285156
0.09233436584472654
0.1269050598144531
0.2020069122314453
0.23419342041015623
0.24229965209960935
0.11641464233398435
0.09042701721191404
0.14693222045898435
0.21440467834472654
0.33075294494628904
0.20081481933593748
0.06420097351074217
0.14359436035156248
0.22084197998046873
0.24826011657714842
0.06443939208984373
0.1307197570800781
0.19342384338378904
0.07230720520019529
0.15265426635742185
0.055617904663085915

