0.10830841064453123
0.14883956909179685
0.19461593627929685
0.2890296936035156
0.18841705322265623
0.15575370788574217
0.07063827514648435
0.08732757568359373
0.12785873413085935
0.20939788818359373
0.2363391876220703
0.24373016357421873
0.11760673522949217
0.08398971557617185
0.12618980407714842
0.2241798400878906
0.33003768920898435
0.20462951660156248
0.06706199645996092
0.14311752319335935
0.22847137451171873
0.24253807067871092
0.06896934509277342
0.13429603576660154
0.18889389038085935
0.07087669372558592
0.14645538330078123
0.0582405090332031

