0.09948692321777342
0.14240226745605467
0.19223175048828123
0.29117546081542967
0.19413909912109373
0.1581378936767578
0.0696846008300781
0.0887580871582031
0.12547454833984373
0.20439109802246092
0.2356239318847656
0.2504058837890625
0.12356719970703123
0.07969818115234373
0.14454803466796873
0.20868263244628904
0.3190704345703125
0.1955696105957031
0.06157836914062498
0.13167343139648435
0.23896179199218748
0.23037872314453123
0.05776367187499998
0.12022933959960935
0.17983398437499998
0.06491622924804685
0.13763389587402342
0.05156478881835935

