0.10902366638183592
0.14645538330078123
0.1936622619628906
0.28998336791992185
0.19485435485839842
0.1555152893066406
0.06944618225097654
0.08971176147460935
0.12404403686523435
0.20439109802246092
0.23323974609374998
0.23920021057128904
0.1173683166503906
0.08899650573730467
0.15098533630371092
0.2191730499267578
0.3348060607910156
0.20820579528808592
0.07206878662109373
0.15122375488281248
0.22823295593261717
0.2439685821533203
0.06348571777343748
0.13024291992187498
0.1936622619628906
0.06801567077636717
0.14454803466796873
0.05609474182128904

