0.10997734069824217
0.1784034729003906
0.22942504882812498
0.3054805755615234
0.19676170349121092
0.18150291442871092
0.07755241394042967
0.18054924011230467
0.26065788269042967
0.39059600830078123
0.6156631469726563
0.458306884765625
0.2959438323974609
0.09924850463867185
0.15694580078124998
0.2229877471923828
0.34005126953125
0.2623268127441406
0.11236152648925779
0.15193901062011717
0.25684318542480467
0.2744861602783203
0.05895576477050779
0.16219100952148435
0.26328048706054685
0.08708915710449217
0.15480003356933592
0.08971176147460935

