0.1040168762207031
0.1524158477783203
0.19580802917480467
0.30142745971679685
0.19461593627929685
0.1517005920410156
0.07445297241210935
0.08947334289550779
0.12905082702636717
0.20486793518066404
0.2382465362548828
0.24229965209960935
0.11999092102050779
0.09328804016113279
0.1497932434082031
0.22346458435058592
0.33146820068359373
0.21035156249999998
0.06348571777343748
0.15384635925292967
0.2268024444580078
0.24253807067871092
0.07039985656738279
0.13000450134277342
0.19771537780761717
0.07206878662109373
0.16266784667968748
0.06372413635253904

