0.10735473632812498
0.14836273193359373
0.1943775177001953
0.29379806518554685
0.1917549133300781
0.15980682373046873
0.07612190246582029
0.08971176147460935
0.12809715270996092
0.2153583526611328
0.2363391876220703
0.24563751220703123
0.12452087402343748
0.08637390136718748
0.14931640624999998
0.21678886413574217
0.33313713073730467
0.20653686523437498
0.07445297241210935
0.1466938018798828
0.2203651428222656
0.24086914062499998
0.06610832214355467
0.13572654724121092
0.19485435485839842
0.0754066467285156
0.15289268493652342
0.06348571777343748

