0.10187110900878904
0.14836273193359373
0.19032440185546873
0.2878376007080078
0.1943775177001953
0.15956840515136717
0.07373771667480467
0.08565864562988279
0.12595138549804685
0.20343742370605467
0.2375312805175781
0.24277648925781248
0.12213668823242185
0.09042701721191404
0.1536079406738281
0.2210803985595703
0.3317066192626953
0.2108283996582031
0.07445297241210935
0.14836273193359373
0.2241798400878906
0.24063072204589842
0.07183036804199217
0.13381919860839842
0.1924701690673828
0.07421455383300779
0.14931640624999998
0.05728683471679685

