0.11140785217285154
0.1497932434082031
0.19485435485839842
0.28807601928710935
0.19795379638671873
0.1555152893066406
0.07183036804199217
0.09018859863281248
0.12928924560546873
0.20606002807617185
0.23323974609374998
0.24063072204589842
0.1249977111816406
0.08470497131347654
0.14144859313964842
0.21774253845214842
0.32479248046875
0.20367584228515623
0.0715919494628906
0.14717063903808592
0.22370300292968748
0.24420700073242185
0.06801567077636717
0.13691864013671873
0.1993843078613281
0.07111511230468748
0.14883956909179685
0.06324729919433592

