0.10544738769531248
0.14144859313964842
0.19843063354492185
0.28736076354980467
0.18913230895996092
0.15694580078124998
0.07445297241210935
0.09686431884765623
0.12666664123535154
0.2039142608642578
0.2318092346191406
0.24468383789062498
0.11641464233398435
0.08565864562988279
0.14502487182617185
0.21631202697753904
0.3266998291015625
0.21798095703124998
0.05514106750488279
0.1402565002441406
0.21202049255371092
0.23467025756835935
0.0582405090332031
0.1211830139160156
0.17744979858398435
0.0601478576660156
0.1669593811035156
0.04822692871093748

