0.10258636474609373
0.14836273193359373
0.19604644775390623
0.29141387939453123
0.18817863464355467
0.17220458984374998
0.0715919494628906
0.09328804016113279
0.12666664123535154
0.20081481933593748
0.23467025756835935
0.24444541931152342
0.1249977111816406
0.08804283142089842
0.12738189697265623
0.21988830566406248
0.33003768920898435
0.20534477233886717
0.060386276245117165
0.14502487182617185
0.21893463134765623
0.24277648925781248
0.07135353088378904
0.1390644073486328
0.18889389038085935
0.08041343688964842
0.14955482482910154
0.05776367187499998

