0.10282478332519529
0.14931640624999998
0.2012916564941406
0.28926811218261717
0.19127807617187498
0.15456161499023435
0.0792213439941406
0.0887580871582031
0.12332878112792967
0.20558319091796873
0.23467025756835935
0.24444541931152342
0.11665306091308592
0.08804283142089842
0.1574226379394531
0.21774253845214842
0.33337554931640623
0.20057640075683592
0.07278404235839842
0.15217742919921873
0.2248950958251953
0.24492225646972654
0.06634674072265623
0.1333423614501953
0.19533119201660154
0.06920776367187498
0.14812431335449217
0.0582405090332031

