0.10902366638183592
0.1459785461425781
0.19700012207031248
0.28879127502441404
0.1955696105957031
0.15670738220214842
0.08160552978515623
0.09471855163574217
0.13191184997558592
0.20462951660156248
0.2413459777832031
0.2470680236816406
0.12404403686523435
0.08995018005371092
0.15789947509765623
0.22394142150878904
0.3317066192626953
0.20915946960449217
0.06849250793457029
0.1505084991455078
0.2248950958251953
0.2432533264160156
0.0696846008300781
0.13310394287109373
0.1936622619628906
0.07659873962402342
0.1574226379394531
0.05967102050781248

