0.17387351989746092
0.15456161499023435
0.19318542480468748
0.28926811218261717
0.1905628204345703
0.15670738220214842
0.0792213439941406
0.09614906311035154
0.12642822265624998
0.20224533081054685
0.23300132751464842
0.24873695373535154
0.1440711975097656
0.08732757568359373
0.12452087402343748
0.21416625976562498
0.33266029357910154
0.21297416687011717
0.06873092651367185
0.14550170898437498
0.2241798400878906
0.24063072204589842
0.07111511230468748
0.1333423614501953
0.1962848663330078
0.07373771667480467
0.15336952209472654
0.08279762268066404

