0.10902366638183592
0.1517005920410156
0.1955696105957031
0.2909370422363281
0.19342384338378904
0.15503845214843748
0.07397613525390623
0.09304962158203123
0.12833557128906248
0.2000995635986328
0.23514709472656248
0.2496906280517578
0.11712989807128904
0.08708915710449217
0.12857398986816404
0.21893463134765623
0.332421875
0.20057640075683592
0.06825408935546873
0.1497932434082031
0.21893463134765623
0.24659118652343748
0.06634674072265623
0.1295276641845703
0.1879402160644531
0.11522254943847654
0.15027008056640623
0.05776367187499998

