0.10258636474609373
0.14812431335449217
0.19390068054199217
0.28926811218261717
0.18937072753906248
0.15217742919921873
0.07779083251953123
0.08923492431640623
0.1269050598144531
0.20653686523437498
0.23681602478027342
0.24301490783691404
0.12547454833984373
0.08947334289550779
0.13024291992187498
0.21583518981933592
0.3321834564208984
0.20248374938964842
0.0677772521972656
0.14740905761718748
0.21988830566406248
0.23705444335937498
0.08017501831054685
0.13215026855468748
0.18650970458984373
0.0734992980957031
0.15289268493652342
0.0582405090332031

