0.1097389221191406
0.1478858947753906
0.1962848663330078
0.29308280944824217
0.1981922149658203
0.1619525909423828
0.07850608825683592
0.09471855163574217
0.12809715270996092
0.20844421386718748
0.2318092346191406
0.24277648925781248
0.12595138549804685
0.08613548278808592
0.1505084991455078
0.21893463134765623
0.32765350341796873
0.20296058654785154
0.06920776367187498
0.14812431335449217
0.21869621276855467
0.24349174499511717
0.06896934509277342
0.1288124084472656
0.19080123901367185
0.06730041503906248
0.14621696472167967
0.05585632324218748

