0.10902366638183592
0.1402565002441406
0.20153007507324217
0.28736076354980467
0.19771537780761717
0.15527687072753904
0.07564506530761717
0.09781799316406248
0.12332878112792967
0.20606002807617185
0.23276290893554685
0.24110755920410154
0.12237510681152342
0.09185752868652342
0.14812431335449217
0.21440467834472654
0.33122978210449217
0.2096363067626953
0.07183036804199217
0.15074691772460935
0.2222724914550781
0.24229965209960935
0.07111511230468748
0.13763389587402342
0.18746337890624998
0.06992301940917967
0.14883956909179685
0.06539306640624998

