0.10568580627441404
0.1505084991455078
0.19318542480468748
0.29308280944824217
0.1688667297363281
0.15456161499023435
0.07278404235839842
0.08780441284179685
0.13191184997558592
0.20462951660156248
0.20796737670898435
0.24659118652343748
0.11856040954589842
0.08565864562988279
0.14907798767089842
0.21893463134765623
0.36007843017578123
0.20462951660156248
0.07445297241210935
0.12452087402343748
0.23085556030273435
0.24539909362792967
0.06825408935546873
0.1345344543457031
0.19342384338378904
0.044173812866210915
0.1288124084472656
0.0582405090332031

