0.10497055053710935
0.14764747619628904
0.19604644775390623
0.2978511810302734
0.16672096252441404
0.15503845214843748
0.07993659973144529
0.0906654357910156
0.13000450134277342
0.20629844665527342
0.2089210510253906
0.24301490783691404
0.11808357238769529
0.09138069152832029
0.15336952209472654
0.2222724914550781
0.36556205749511717
0.20915946960449217
0.07373771667480467
0.12666664123535154
0.22465667724609373
0.24754486083984373
0.06849250793457029
0.13691864013671873
0.19962272644042967
0.045127487182617165
0.12595138549804685
0.05609474182128904

