0.1364418029785156
0.3176399230957031
0.20439109802246092
0.3405281066894531
0.2859302520751953
0.20796737670898435
0.1543231964111328
0.12547454833984373
0.1574226379394531
0.19485435485839842
0.24873695373535154
0.4664131164550781
0.3038116455078125
0.12714347839355467
0.16552886962890623
0.3157325744628906
0.39035758972167967
0.608749008178711
0.11689147949218748
0.1497932434082031
0.2248950958251953
0.5047985076904298
0.09495697021484373
0.1784034729003906
0.3877349853515625
0.12356719970703123
0.23109397888183592
0.15956840515136717

