0.11450729370117185
0.17816505432128904
0.18341026306152342
0.351495361328125
0.26637992858886717
0.18722496032714842
0.13405761718749998
0.13119659423828123
0.1314350128173828
0.18960914611816404
0.22203407287597654
0.2928443908691406
0.30953369140625
0.13620338439941404
0.15384635925292967
0.2260871887207031
0.34648857116699217
0.3469654083251953
0.08923492431640623
0.1295276641845703
0.20629844665527342
0.351495361328125
0.10044059753417967
0.17673454284667967
0.3221698760986328
0.11879882812499998
0.20939788818359373
0.16028366088867185

