0.13167343139648435
0.2935596466064453
0.20105323791503904
0.3512569427490234
0.2921291351318359
0.21202049255371092
0.1364418029785156
0.13048133850097654
0.16552886962890623
0.18889389038085935
0.2520748138427734
0.473565673828125
0.3474422454833984
0.1345344543457031
0.16242942810058592
0.3150173187255859
0.36508522033691404
0.4072853088378906
0.11140785217285154
0.12809715270996092
0.2306171417236328
0.46283683776855467
0.10497055053710935
0.18245658874511717
0.3965564727783203
0.12261352539062498
0.2089210510253906
0.16838989257812498

