0.11403045654296873
0.3023811340332031
0.2051063537597656
0.34291229248046873
0.2864070892333984
0.20915946960449217
0.13596496582031248
0.13119659423828123
0.16433677673339842
0.19533119201660154
0.2501674652099609
0.465936279296875
0.3343292236328125
0.13596496582031248
0.16338310241699217
0.31787834167480467
0.3698535919189453
0.4053779602050781
0.11689147949218748
0.12642822265624998
0.23300132751464842
0.43422660827636717
0.10163269042968748
0.18150291442871092
0.39345703125
0.12618980407714842
0.23586235046386717
0.16838989257812498

