0.11403045654296873
0.22704086303710935
0.19294700622558592
0.3157325744628906
0.2730556488037109
0.1917549133300781
0.1409717559814453
0.1288124084472656
0.12928924560546873
0.19461593627929685
0.22274932861328123
0.35674057006835935
0.3157325744628906
0.13787231445312498
0.14001808166503904
0.28235397338867185
0.3474422454833984
0.37652931213378904
0.09281120300292967
0.13119659423828123
0.23323974609374998
0.3531642913818359
0.10568580627441404
0.18317184448242185
0.32121620178222654
0.12404403686523435
0.20749053955078123
0.16219100952148435

