0.11784515380859373
0.29904327392578123
0.20939788818359373
0.3355213165283203
0.2890296936035156
0.2077289581298828
0.15885314941406248
0.1276203155517578
0.15837631225585935
0.18770179748535154
0.24420700073242185
0.4690357208251953
0.305718994140625
0.12785873413085935
0.1581378936767578
0.3169246673583984
0.38582763671875
0.530309295654297
0.10616264343261717
0.14693222045898435
0.23681602478027342
0.503606414794922
0.12618980407714842
0.18126449584960935
0.3901191711425781
0.12022933959960935
0.23014030456542967
0.1638599395751953

