0.13501129150390623
0.3266998291015625
0.20462951660156248
0.34005126953125
0.2923675537109375
0.2108283996582031
0.1574226379394531
0.12809715270996092
0.16052207946777342
0.18889389038085935
0.2470680236816406
0.47499618530273435
0.3076263427734375
0.12261352539062498
0.15313110351562498
0.2985664367675781
0.4084774017333984
0.5992122650146485
0.09662590026855467
0.13501129150390623
0.21583518981933592
0.5250640869140626
0.11689147949218748
0.1650520324707031
0.38487396240234373
0.1116462707519531
0.22394142150878904
0.14550170898437498

