0.10163269042968748
0.16624412536621092
0.1822181701660156
0.267572021484375
0.2623268127441406
0.20153007507324217
0.1097389221191406
0.1211830139160156
0.14049491882324217
0.18627128601074217
0.22441825866699217
0.2833076477050781
0.25898895263671873
0.11522254943847654
0.13095817565917967
0.1841255187988281
0.31787834167480467
0.32479248046875
0.09114227294921873
0.12785873413085935
0.20844421386718748
0.32312355041503904
0.10425529479980467
0.17935714721679685
0.29832801818847654
0.1295276641845703
0.2108283996582031
0.1714893341064453

