0.11975250244140623
0.17125091552734373
0.16481361389160154
0.3112026214599609
0.26661834716796873
0.1943775177001953
0.09853324890136717
0.11307678222656248
0.1230903625488281
0.17578086853027342
0.21368942260742185
0.2718635559082031
0.26590309143066404
0.09662590026855467
0.12928924560546873
0.20820579528808592
0.30405006408691404
0.33075294494628904
0.07969818115234373
0.11474571228027342
0.19032440185546873
0.33719024658203123
0.09471855163574217
0.16457519531249998
0.2859302520751953
0.11188468933105467
0.1993843078613281
0.14526329040527342

