0.14001808166503904
0.32050094604492185
0.20629844665527342
0.3405281066894531
0.29069862365722654
0.19604644775390623
0.15480003356933592
0.12642822265624998
0.1619525909423828
0.18317184448242185
0.24373016357421873
0.47428092956542967
0.30643424987792967
0.1409717559814453
0.15789947509765623
0.3157325744628906
0.40323219299316404
0.5815692901611329
0.11689147949218748
0.14693222045898435
0.23109397888183592
0.5107589721679688
0.1021095275878906
0.18078765869140623
0.39441070556640623
0.12428245544433592
0.24110755920410154
0.1676746368408203

