0.1192756652832031
0.305718994140625
0.2108283996582031
0.34076652526855467
0.29260597229003904
0.21488151550292967
0.16266784667968748
0.13167343139648435
0.15789947509765623
0.19127807617187498
0.25183639526367185
0.47261199951171873
0.30595741271972654
0.13930282592773435
0.16433677673339842
0.31620941162109373
0.39941749572753904
0.5374618530273438
0.1135536193847656
0.13191184997558592
0.23014030456542967
0.5081363677978517
0.10520896911621092
0.1822181701660156
0.39417228698730467
0.12785873413085935
0.23300132751464842
0.1612373352050781

