0.11450729370117185
0.32002410888671873
0.20915946960449217
0.3393360137939453
0.29570541381835935
0.21750411987304685
0.15646896362304685
0.12976608276367185
0.16147575378417967
0.19318542480468748
0.2477832794189453
0.4716583251953125
0.30023536682128904
0.13477287292480467
0.16290626525878904
0.3328987121582031
0.3927417755126953
0.5367465972900392
0.11331520080566404
0.15408477783203123
0.22942504882812498
0.5090900421142579
0.1295276641845703
0.18197975158691404
0.3894039154052734
0.12022933959960935
0.23872337341308592
0.16338310241699217

