0.1364418029785156
0.32741508483886717
0.2070137023925781
0.33909759521484373
0.29332122802734373
0.21202049255371092
0.1714893341064453
0.12714347839355467
0.1638599395751953
0.18817863464355467
0.24730644226074217
0.4716583251953125
0.29832801818847654
0.13238868713378904
0.1612373352050781
0.31358680725097654
0.41014633178710935
0.604934310913086
0.1154609680175781
0.15027008056640623
0.2318092346191406
0.5040832519531251
0.0982948303222656
0.17196617126464842
0.3958412170410156
0.12666664123535154
0.23514709472656248
0.16076049804687498

