0.11498413085937498
0.17625770568847654
0.18341026306152342
0.3131099700927734
0.26328048706054685
0.1879402160644531
0.13763389587402342
0.12714347839355467
0.13048133850097654
0.18650970458984373
0.22346458435058592
0.28163871765136717
0.2768703460693359
0.13668022155761717
0.13811073303222654
0.22274932861328123
0.3150173187255859
0.3398128509521484
0.08780441284179685
0.12380561828613279
0.20629844665527342
0.35244903564453123
0.09662590026855467
0.1745887756347656
0.2985664367675781
0.12070617675781248
0.20939788818359373
0.1631446838378906

