0.1173683166503906
0.30667266845703123
0.20749053955078123
0.3493495941162109
0.2890296936035156
0.2127357482910156
0.16838989257812498
0.13691864013671873
0.15909156799316404
0.1898475646972656
0.24277648925781248
0.4778572082519531
0.3069110870361328
0.13501129150390623
0.1676746368408203
0.32312355041503904
0.3984638214111328
0.511235809326172
0.11498413085937498
0.15003166198730467
0.2363391876220703
0.5055137634277345
0.10258636474609373
0.18364868164062498
0.39345703125
0.11999092102050779
0.2382465362548828
0.1619525909423828

