0.12046775817871092
0.29570541381835935
0.2070137023925781
0.34076652526855467
0.2961822509765625
0.21416625976562498
0.15503845214843748
0.13238868713378904
0.15956840515136717
0.18841705322265623
0.24539909362792967
0.47451934814453123
0.3073879241943359
0.13596496582031248
0.16600570678710935
0.31787834167480467
0.3996559143066406
0.5317398071289063
0.11236152648925779
0.12261352539062498
0.22727928161621092
0.48334083557128904
0.13238868713378904
0.18341026306152342
0.3946491241455078
0.12523612976074217
0.23467025756835935
0.1631446838378906

