0.11879882812499998
0.17625770568847654
0.18317184448242185
0.3188320159912109
0.26447257995605467
0.18627128601074217
0.1333423614501953
0.12452087402343748
0.1345344543457031
0.1867481231689453
0.2210803985595703
0.2902217864990234
0.30524215698242185
0.13358078002929685
0.13477287292480467
0.22131881713867185
0.34481964111328123
0.3462501525878906
0.08637390136718748
0.12094459533691404
0.2031990051269531
0.34911117553710935
0.09972534179687498
0.18054924011230467
0.3202625274658203
0.12428245544433592
0.2070137023925781
0.16099891662597654

