0.11832199096679685
0.2451606750488281
0.21702728271484373
0.3455348968505859
0.29117546081542967
0.2146430969238281
0.13668022155761717
0.13048133850097654
0.16457519531249998
0.19580802917480467
0.252313232421875
0.473565673828125
0.33194503784179685
0.1295276641845703
0.16266784667968748
0.3176399230957031
0.36556205749511717
0.40561637878417967
0.11283836364746092
0.1307197570800781
0.22537193298339842
0.40943107604980467
0.12928924560546873
0.1829334259033203
0.3717609405517578
0.12213668823242185
0.21750411987304685
0.16052207946777342

