0.1390644073486328
0.3252693176269531
0.20749053955078123
0.3569789886474609
0.28998336791992185
0.2108283996582031
0.1581378936767578
0.1288124084472656
0.16052207946777342
0.19485435485839842
0.24659118652343748
0.4785724639892578
0.30023536682128904
0.1276203155517578
0.16600570678710935
0.3119178771972656
0.4156299591064453
0.6075569152832032
0.10568580627441404
0.14502487182617185
0.22584877014160154
0.5322166442871095
0.13119659423828123
0.1784034729003906
0.4161067962646484
0.13858757019042967
0.2420612335205078
0.15980682373046873

