0.12046775817871092
0.2775856018066406
0.21392784118652342
0.3462501525878906
0.2916522979736328
0.21440467834472654
0.1409717559814453
0.1314350128173828
0.1574226379394531
0.19843063354492185
0.25183639526367185
0.4747577667236328
0.3030963897705078
0.16648254394531248
0.16672096252441404
0.3145404815673828
0.36961517333984373
0.4080005645751953
0.10926208496093748
0.12595138549804685
0.23228607177734373
0.4366107940673828
0.09805641174316404
0.18150291442871092
0.3996559143066406
0.12738189697265623
0.21750411987304685
0.1695819854736328

