0.1135536193847656
0.32574615478515623
0.20915946960449217
0.34481964111328123
0.290460205078125
0.22918663024902342
0.15766105651855467
0.12523612976074217
0.15527687072753904
0.1917549133300781
0.24754486083984373
0.47308883666992185
0.3011890411376953
0.13405761718749998
0.1536079406738281
0.31787834167480467
0.3913112640380859
0.5322166442871095
0.1135536193847656
0.15408477783203123
0.2344318389892578
0.5090900421142579
0.1040168762207031
0.17816505432128904
0.39679489135742185
0.12547454833984373
0.23014030456542967
0.16362152099609373

