0.11403045654296873
0.30071220397949217
0.20606002807617185
0.3405281066894531
0.3152557373046875
0.21511993408203123
0.1574226379394531
0.12642822265624998
0.17315826416015623
0.20653686523437498
0.24373016357421873
0.4645057678222656
0.3038116455078125
0.14168701171874998
0.16362152099609373
0.31811676025390623
0.36937675476074217
0.5334087371826173
0.11522254943847654
0.15527687072753904
0.23014030456542967
0.5083747863769532
0.09877166748046873
0.17363510131835935
0.3939338684082031
0.1230903625488281
0.23467025756835935
0.16219100952148435

