0.1154609680175781
0.29761276245117185
0.2039142608642578
0.3424354553222656
0.2959438323974609
0.21130523681640623
0.13811073303222654
0.12976608276367185
0.15885314941406248
0.19652328491210935
0.25183639526367185
0.4740425109863281
0.3088184356689453
0.13596496582031248
0.1638599395751953
0.3171630859375
0.37319145202636717
0.5291172027587892
0.11712989807128904
0.12475929260253904
0.23419342041015623
0.48334083557128904
0.13191184997558592
0.17673454284667967
0.389642333984375
0.12356719970703123
0.23514709472656248
0.16338310241699217

