0.11689147949218748
0.2959438323974609
0.21058998107910154
0.33957443237304685
0.2985664367675781
0.21821937561035154
0.13572654724121092
0.1288124084472656
0.1638599395751953
0.19485435485839842
0.25183639526367185
0.49502334594726566
0.31358680725097654
0.13811073303222654
0.16242942810058592
0.31930885314941404
0.36770782470703123
0.41133842468261717
0.11403045654296873
0.12857398986816404
0.23323974609374998
0.4614063262939453
0.10354003906249998
0.17983398437499998
0.3920265197753906
0.12785873413085935
0.20820579528808592
0.1619525909423828

