0.1078315734863281
0.17888031005859373
0.18150291442871092
0.31740150451660154
0.2656646728515625
0.18937072753906248
0.13739547729492185
0.12618980407714842
0.12928924560546873
0.18960914611816404
0.2203651428222656
0.28378448486328123
0.3023811340332031
0.13215026855468748
0.13358078002929685
0.22274932861328123
0.31215629577636717
0.3493495941162109
0.09161911010742185
0.12714347839355467
0.20629844665527342
0.3493495941162109
0.09996376037597654
0.1753040313720703
0.28950653076171873
0.11665306091308592
0.20224533081054685
0.16052207946777342

