0.13548812866210935
0.3221698760986328
0.2012916564941406
0.34458122253417967
0.28545341491699217
0.20915946960449217
0.16028366088867185
0.1276203155517578
0.15694580078124998
0.19008598327636717
0.24802169799804685
0.4709430694580078
0.30524215698242185
0.13405761718749998
0.1581378936767578
0.32312355041503904
0.39989433288574217
0.6085105895996095
0.11712989807128904
0.15646896362304685
0.22561035156249998
0.509566879272461
0.12976608276367185
0.18460235595703123
0.39822540283203123
0.1230903625488281
0.23347816467285154
0.16433677673339842

