0.1409717559814453
0.3240772247314453
0.21106681823730467
0.34100494384765623
0.290460205078125
0.2051063537597656
0.16290626525878904
0.13191184997558592
0.1612373352050781
0.19032440185546873
0.24253807067871092
0.46665153503417967
0.3042884826660156
0.1326271057128906
0.16028366088867185
0.31978569030761717
0.39250335693359373
0.5536743164062501
0.11259994506835935
0.15265426635742185
0.2363391876220703
0.5100437164306642
0.12738189697265623
0.17411193847656248
0.39369544982910154
0.1230903625488281
0.23729286193847654
0.15766105651855467

