0.1409717559814453
0.3226467132568359
0.20224533081054685
0.3679462432861328
0.28950653076171873
0.20558319091796873
0.15599212646484373
0.1581378936767578
0.16457519531249998
0.19223175048828123
0.24635276794433592
0.46736679077148435
0.30953369140625
0.13739547729492185
0.16457519531249998
0.313348388671875
0.41658363342285154
0.5825229644775392
0.10568580627441404
0.14454803466796873
0.23323974609374998
0.5121894836425782
0.09519538879394529
0.17578086853027342
0.3882118225097656
0.12189826965332029
0.23347816467285154
0.16242942810058592

