0.12165985107421873
0.18746337890624998
0.17959556579589842
0.3195472717285156
0.26137313842773435
0.19151649475097654
0.13787231445312498
0.1288124084472656
0.13286552429199217
0.19294700622558592
0.22084197998046873
0.2885528564453125
0.30333480834960935
0.13620338439941404
0.1345344543457031
0.24444541931152342
0.3417201995849609
0.3748603820800781
0.08971176147460935
0.12070617675781248
0.20439109802246092
0.3519721984863281
0.09901008605957029
0.1764961242675781
0.31787834167480467
0.11784515380859373
0.20677528381347654
0.16600570678710935

