0.12261352539062498
0.2985664367675781
0.2058216094970703
0.3412433624267578
0.2871223449707031
0.21011314392089842
0.15837631225585935
0.13405761718749998
0.15956840515136717
0.19080123901367185
0.24420700073242185
0.47237358093261717
0.30405006408691404
0.13405761718749998
0.16338310241699217
0.32765350341796873
0.39226493835449217
0.5338855743408204
0.1135536193847656
0.15670738220214842
0.23085556030273435
0.5083747863769532
0.09757957458496092
0.20462951660156248
0.3958412170410156
0.11808357238769529
0.23657760620117185
0.15837631225585935

