0.12261352539062498
0.24277648925781248
0.21130523681640623
0.34720382690429685
0.2928443908691406
0.21130523681640623
0.13787231445312498
0.13238868713378904
0.16719779968261717
0.20081481933593748
0.27043304443359373
0.47308883666992185
0.3343292236328125
0.1390644073486328
0.16219100952148435
0.3171630859375
0.3722377777099609
0.39798698425292967
0.09352645874023435
0.12642822265624998
0.23467025756835935
0.4335113525390625
0.1021095275878906
0.18341026306152342
0.3984638214111328
0.14383277893066404
0.21416625976562498
0.16147575378417967

