0.1135536193847656
0.17983398437499998
0.17792663574218748
0.3202625274658203
0.26661834716796873
0.18817863464355467
0.1333423614501953
0.12475929260253904
0.13095817565917967
0.19151649475097654
0.2268024444580078
0.2864070892333984
0.3076263427734375
0.13691864013671873
0.1333423614501953
0.21988830566406248
0.3431507110595703
0.3724761962890625
0.09161911010742185
0.12475929260253904
0.20987472534179685
0.3526874542236328
0.10354003906249998
0.17291984558105467
0.32503089904785154
0.12189826965332029
0.2089210510253906
0.1650520324707031

