0.13572654724121092
0.3188320159912109
0.20272216796874998
0.3405281066894531
0.31811676025390623
0.23705444335937498
0.15789947509765623
0.12714347839355467
0.16076049804687498
0.19080123901367185
0.24539909362792967
0.4747577667236328
0.30786476135253904
0.13405761718749998
0.15694580078124998
0.3119178771972656
0.42039833068847654
0.6149478912353517
0.12380561828613279
0.14883956909179685
0.22656402587890623
0.5105205535888673
0.13358078002929685
0.17888031005859373
0.3908344268798828
0.11760673522949217
0.23014030456542967
0.16052207946777342

