0.11856040954589842
0.17578086853027342
0.1772113800048828
0.32193145751953123
0.26375732421875
0.1459785461425781
0.13858757019042967
0.13191184997558592
0.1352497100830078
0.19151649475097654
0.22251091003417967
0.2885528564453125
0.25708160400390623
0.13668022155761717
0.14526329040527342
0.20272216796874998
0.332421875
0.351495361328125
0.09734115600585935
0.12905082702636717
0.20677528381347654
0.34839591979980467
0.09924850463867185
0.17935714721679685
0.30095062255859373
0.1230903625488281
0.23967704772949217
0.16457519531249998

