0.11808357238769529
0.3004737854003906
0.20653686523437498
0.3405281066894531
0.2916522979736328
0.2153583526611328
0.13405761718749998
0.1295276641845703
0.15956840515136717
0.18698654174804685
0.25183639526367185
0.46927413940429685
0.30405006408691404
0.1383491516113281
0.1669593811035156
0.3188320159912109
0.362939453125
0.5040832519531251
0.11474571228027342
0.12428245544433592
0.23490867614746092
0.47308883666992185
0.11856040954589842
0.16290626525878904
0.38415870666503904
0.11212310791015623
0.22584877014160154
0.1497932434082031

