0.13858757019042967
0.3183551788330078
0.2070137023925781
0.34410438537597654
0.2871223449707031
0.20915946960449217
0.15217742919921873
0.1249977111816406
0.1600452423095703
0.18770179748535154
0.24277648925781248
0.46688995361328123
0.3207393646240234
0.13358078002929685
0.15980682373046873
0.3131099700927734
0.4161067962646484
0.6097026824951173
0.11212310791015623
0.14526329040527342
0.22322616577148435
0.5050369262695313
0.12833557128906248
0.17792663574218748
0.3951259613037109
0.12285194396972654
0.23610076904296873
0.16076049804687498

