0.14001808166503904
0.3252693176269531
0.20915946960449217
0.3398128509521484
0.2902217864990234
0.2089210510253906
0.15837631225585935
0.1288124084472656
0.15909156799316404
0.19294700622558592
0.2432533264160156
0.4690357208251953
0.2997585296630859
0.13191184997558592
0.15718421936035154
0.3138252258300781
0.39107284545898435
0.5801387786865235
0.10926208496093748
0.14883956909179685
0.2279945373535156
0.503606414794922
0.12380561828613279
0.16838989257812498
0.39607963562011717
0.14931640624999998
0.22918663024902342
0.1574226379394531

