0.11879882812499998
0.1688667297363281
0.20105323791503904
0.32002410888671873
0.2673336029052734
0.18913230895996092
0.10425529479980467
0.1288124084472656
0.13310394287109373
0.1917549133300781
0.2184577941894531
0.28187713623046873
0.275201416015625
0.13668022155761717
0.1383491516113281
0.22370300292968748
0.31978569030761717
0.34911117553710935
0.08708915710449217
0.1257129669189453
0.1981922149658203
0.366754150390625
0.09662590026855467
0.17983398437499998
0.29642066955566404
0.11784515380859373
0.2184577941894531
0.16219100952148435

