0.1192756652832031
0.2539821624755859
0.21058998107910154
0.34076652526855467
0.28759918212890623
0.21631202697753904
0.13691864013671873
0.1276203155517578
0.15956840515136717
0.19533119201660154
0.2501674652099609
0.4842945098876953
0.30071220397949217
0.13572654724121092
0.16481361389160154
0.31787834167480467
0.36508522033691404
0.39798698425292967
0.11069259643554685
0.1288124084472656
0.21225891113281248
0.4087158203125
0.13691864013671873
0.17888031005859373
0.37199935913085935
0.12285194396972654
0.21368942260742185
0.1688667297363281

