0.12976608276367185
0.12094459533691404
0.1466938018798828
0.2184577941894531
0.33003768920898435
0.22751770019531248
0.10520896911621092
0.07755241394042967
0.1135536193847656
0.18960914611816404
0.2737709045410156
0.2604194641113281
0.14883956909179685
0.0963874816894531
0.14430961608886717
0.1810260772705078
0.4625984191894531
0.1726814270019531
0.13286552429199217
0.1879402160644531
0.35483322143554685
0.4034706115722656
0.09614906311035154
0.17888031005859373
0.30595741271972654
0.11283836364746092
0.1936622619628906
0.1543231964111328

