0.13858757019042967
0.1326271057128906
0.15074691772460935
0.2127357482910156
0.3367134094238281
0.22584877014160154
0.10735473632812498
0.07707557678222654
0.12285194396972654
0.18746337890624998
0.30858001708984373
0.2864070892333984
0.1600452423095703
0.07826766967773435
0.12523612976074217
0.1822181701660156
0.46474418640136717
0.16934356689453123
0.10902366638183592
0.17029724121093748
0.38225135803222654
0.37509880065917967
0.07254562377929685
0.1791187286376953
0.3119178771972656
0.1135536193847656
0.2012916564941406
0.15646896362304685

