0.1307197570800781
0.12833557128906248
0.14502487182617185
0.20915946960449217
0.35483322143554685
0.22584877014160154
0.1002021789550781
0.07421455383300779
0.11808357238769529
0.19103965759277342
0.26447257995605467
0.26375732421875
0.15146217346191404
0.07302246093749998
0.15408477783203123
0.1898475646972656
0.46116790771484373
0.1657672882080078
0.13405761718749998
0.20439109802246092
0.37319145202636717
0.3991790771484375
0.0925727844238281
0.17172775268554685
0.30285797119140623
0.11069259643554685
0.1936622619628906
0.15003166198730467

