0.1249977111816406
0.1230903625488281
0.14836273193359373
0.21416625976562498
0.33266029357910154
0.24945220947265623
0.10687789916992185
0.07016143798828123
0.11593780517578123
0.18579444885253904
0.26971778869628904
0.28187713623046873
0.15098533630371092
0.07421455383300779
0.15336952209472654
0.18269500732421873
0.48071823120117185
0.17244300842285154
0.14073333740234373
0.19223175048828123
0.35531005859375
0.39798698425292967
0.0925727844238281
0.19914588928222654
0.3038116455078125
0.10663948059082029
0.19580802917480467
0.14645538330078123

