0.12976608276367185
0.1257129669189453
0.14502487182617185
0.21631202697753904
0.3302761077880859
0.22656402587890623
0.10806999206542967
0.06706199645996092
0.11999092102050779
0.1898475646972656
0.27734718322753904
0.25326690673828123
0.16338310241699217
0.07516822814941404
0.13000450134277342
0.18388710021972654
0.46998939514160154
0.1733966827392578
0.11045417785644529
0.17125091552734373
0.3531642913818359
0.38153610229492185
0.10354003906249998
0.18841705322265623
0.3073879241943359
0.1059242248535156
0.1917549133300781
0.14907798767089842

