0.12547454833984373
0.1211830139160156
0.1517005920410156
0.21607360839843748
0.33194503784179685
0.22775611877441404
0.10759315490722654
0.07564506530761717
0.13310394287109373
0.19103965759277342
0.2730556488037109
0.26447257995605467
0.15503845214843748
0.07659873962402342
0.12714347839355467
0.18817863464355467
0.4606910705566406
0.1733966827392578
0.11236152648925779
0.16624412536621092
0.35745582580566404
0.3774829864501953
0.09233436584472654
0.17291984558105467
0.3081031799316406
0.10497055053710935
0.19461593627929685
0.14574012756347654

