0.13477287292480467
0.13095817565917967
0.14764747619628904
0.21368942260742185
0.33337554931640623
0.23228607177734373
0.1040168762207031
0.0792213439941406
0.11951408386230467
0.18841705322265623
0.27734718322753904
0.27090988159179685
0.15789947509765623
0.07707557678222654
0.1288124084472656
0.18579444885253904
0.4714199066162109
0.17220458984374998
0.11283836364746092
0.16862831115722654
0.3565021514892578
0.3817745208740234
0.09519538879394529
0.1791187286376953
0.30953369140625
0.11093101501464842
0.19962272644042967
0.14740905761718748

