0.1421638488769531
0.12905082702636717
0.15480003356933592
0.22441825866699217
0.3386207580566406
0.22918663024902342
0.11236152648925779
0.08518180847167967
0.12094459533691404
0.1943775177001953
0.30071220397949217
0.2978511810302734
0.1555152893066406
0.07850608825683592
0.12928924560546873
0.1867481231689453
0.46426734924316404
0.17291984558105467
0.11021575927734373
0.16862831115722654
0.3793903350830078
0.38415870666503904
0.07779083251953123
0.1772113800048828
0.3092952728271484
0.11140785217285154
0.1943775177001953
0.1478858947753906

