0.1295276641845703
0.13000450134277342
0.20439109802246092
0.20415267944335935
0.336236572265625
0.2363391876220703
0.11045417785644529
0.07302246093749998
0.1230903625488281
0.18817863464355467
0.3030963897705078
0.29499015808105467
0.15718421936035154
0.11665306091308592
0.15074691772460935
0.18078765869140623
0.46736679077148435
0.16600570678710935
0.13119659423828123
0.20677528381347654
0.351495361328125
0.39631805419921873
0.09352645874023435
0.17220458984374998
0.30071220397949217
0.10878524780273435
0.19342384338378904
0.14383277893066404

