0.1295276641845703
0.12380561828613279
0.14812431335449217
0.21583518981933592
0.33528289794921873
0.26781044006347654
0.1116462707519531
0.07373771667480467
0.11689147949218748
0.18913230895996092
0.3042884826660156
0.26089630126953123
0.16242942810058592
0.06873092651367185
0.1295276641845703
0.19080123901367185
0.47189674377441404
0.18364868164062498
0.11665306091308592
0.1707740783691406
0.3531642913818359
0.37199935913085935
0.1040168762207031
0.17625770568847654
0.3061958312988281
0.10663948059082029
0.19080123901367185
0.15503845214843748

