0.12857398986816404
0.12547454833984373
0.14836273193359373
0.21035156249999998
0.33337554931640623
0.23204765319824217
0.11021575927734373
0.07779083251953123
0.11760673522949217
0.19080123901367185
0.29761276245117185
0.28426132202148435
0.15098533630371092
0.0734992980957031
0.14144859313964842
0.21130523681640623
0.4587837219238281
0.16433677673339842
0.14574012756347654
0.1841255187988281
0.3557868957519531
0.40060958862304685
0.09209594726562498
0.17196617126464842
0.3050037384033203
0.10687789916992185
0.18841705322265623
0.14454803466796873

