0.13358078002929685
0.12332878112792967
0.1497932434082031
0.21106681823730467
0.3302761077880859
0.2306171417236328
0.1021095275878906
0.06849250793457029
0.11712989807128904
0.18341026306152342
0.27782402038574217
0.28736076354980467
0.1574226379394531
0.07492980957031248
0.1421638488769531
0.1810260772705078
0.46998939514160154
0.16743621826171873
0.13811073303222654
0.19127807617187498
0.3519721984863281
0.39751014709472654
0.0925727844238281
0.1886554718017578
0.30643424987792967
0.10306320190429685
0.19199333190917967
0.14144859313964842

