0.12833557128906248
0.12380561828613279
0.14693222045898435
0.21869621276855467
0.3290840148925781
0.22942504882812498
0.10425529479980467
0.07016143798828123
0.11617622375488279
0.18960914611816404
0.28044662475585935
0.26399574279785154
0.15027008056640623
0.07254562377929685
0.14931640624999998
0.18507919311523435
0.47118148803710935
0.1726814270019531
0.10854682922363279
0.17101249694824217
0.351495361328125
0.40394744873046873
0.09662590026855467
0.17315826416015623
0.30476531982421873
0.10616264343261717
0.1917549133300781
0.1478858947753906

