0.12785873413085935
0.12714347839355467
0.15122375488281248
0.21941146850585935
0.3290840148925781
0.22513351440429685
0.11522254943847654
0.07636032104492185
0.1249977111816406
0.19127807617187498
0.2692409515380859
0.25875053405761717
0.15670738220214842
0.08136711120605467
0.1249977111816406
0.1879402160644531
0.47046623229980467
0.17411193847656248
0.11784515380859373
0.17220458984374998
0.35674057006835935
0.3774829864501953
0.09877166748046873
0.17506561279296873
0.31096420288085935
0.1059242248535156
0.20105323791503904
0.14907798767089842

