0.12666664123535154
0.13024291992187498
0.15503845214843748
0.21631202697753904
0.32956085205078123
0.2299018859863281
0.11045417785644529
0.07564506530761717
0.12046775817871092
0.18555603027343748
0.2935596466064453
0.26018104553222654
0.15265426635742185
0.07421455383300779
0.13095817565917967
0.1829334259033203
0.46688995361328123
0.1764961242675781
0.11569938659667967
0.17101249694824217
0.35936317443847654
0.3939338684082031
0.09805641174316404
0.17601928710937498
0.3035732269287109
0.1116462707519531
0.1898475646972656
0.1459785461425781

