0.12666664123535154
0.12595138549804685
0.15503845214843748
0.2172657012939453
0.32574615478515623
0.25493583679199217
0.10520896911621092
0.07278404235839842
0.12642822265624998
0.1829334259033203
0.2706714630126953
0.2890296936035156
0.15503845214843748
0.08851966857910154
0.14931640624999998
0.18817863464355467
0.4633136749267578
0.17244300842285154
0.14264068603515623
0.18507919311523435
0.3550716400146484
0.39941749572753904
0.09185752868652342
0.17625770568847654
0.3030963897705078
0.11021575927734373
0.19723854064941404
0.14621696472167967

