0.13358078002929685
0.1211830139160156
0.15718421936035154
0.20749053955078123
0.32884559631347654
0.2248950958251953
0.10616264343261717
0.07397613525390623
0.11856040954589842
0.18531761169433592
0.2947517395019531
0.28688392639160154
0.1669593811035156
0.06992301940917967
0.14073333740234373
0.1803108215332031
0.4633136749267578
0.17172775268554685
0.13930282592773435
0.19127807617187498
0.3550716400146484
0.40013275146484373
0.09543380737304685
0.17125091552734373
0.3035732269287109
0.10830841064453123
0.1917549133300781
0.15718421936035154

