0.12547454833984373
0.12165985107421873
0.14693222045898435
0.21225891113281248
0.32813034057617185
0.22704086303710935
0.10640106201171873
0.08255920410156248
0.12285194396972654
0.1936622619628906
0.2794929504394531
0.2825923919677734
0.1593299865722656
0.07826766967773435
0.13215026855468748
0.18579444885253904
0.46688995361328123
0.17363510131835935
0.1097389221191406
0.17196617126464842
0.35626373291015623
0.40561637878417967
0.09948692321777342
0.1791187286376953
0.3061958312988281
0.11259994506835935
0.19461593627929685
0.15313110351562498

