0.13286552429199217
0.1249977111816406
0.15098533630371092
0.2229877471923828
0.33957443237304685
0.23300132751464842
0.10663948059082029
0.08136711120605467
0.12547454833984373
0.19652328491210935
0.275201416015625
0.2604194641113281
0.1574226379394531
0.07516822814941404
0.1288124084472656
0.19533119201660154
0.4480548858642578
0.1631446838378906
0.10663948059082029
0.16719779968261717
0.3419586181640625
0.3686614990234375
0.09352645874023435
0.17172775268554685
0.30333480834960935
0.1059242248535156
0.19413909912109373
0.1428791046142578

