0.13954124450683592
0.13596496582031248
0.1536079406738281
0.2241798400878906
0.3379055023193359
0.23014030456542967
0.1295276641845703
0.08708915710449217
0.12213668823242185
0.19771537780761717
0.30023536682128904
0.27162513732910154
0.15885314941406248
0.07421455383300779
0.1326271057128906
0.19032440185546873
0.47809562683105467
0.17101249694824217
0.10902366638183592
0.17125091552734373
0.38344345092773435
0.39107284545898435
0.05394897460937498
0.18317184448242185
0.31668624877929685
0.11283836364746092
0.20033798217773435
0.15384635925292967

