0.13119659423828123
0.12666664123535154
0.1497932434082031
0.21130523681640623
0.3305145263671875
0.2344318389892578
0.10878524780273435
0.07278404235839842
0.12094459533691404
0.18460235595703123
0.3016658782958984
0.26518783569335935
0.15122375488281248
0.07445297241210935
0.12642822265624998
0.17983398437499998
0.46236000061035154
0.1669593811035156
0.10616264343261717
0.16815147399902342
0.3500648498535156
0.37772140502929685
0.09781799316406248
0.20057640075683592
0.29904327392578123
0.11140785217285154
0.19032440185546873
0.14430961608886717

