0.1257129669189453
0.1249977111816406
0.1555152893066406
0.21297416687011717
0.33456764221191404
0.22775611877441404
0.10997734069824217
0.07898292541503904
0.12833557128906248
0.19032440185546873
0.29832801818847654
0.26137313842773435
0.15694580078124998
0.07588348388671873
0.12261352539062498
0.18150291442871092
0.46116790771484373
0.16433677673339842
0.11712989807128904
0.16743621826171873
0.35936317443847654
0.3951259613037109
0.07254562377929685
0.18007240295410154
0.3050037384033203
0.1154609680175781
0.19199333190917967
0.15146217346191404

