0.13286552429199217
0.13024291992187498
0.1555152893066406
0.2172657012939453
0.3367134094238281
0.23109397888183592
0.11188468933105467
0.0734992980957031
0.12404403686523435
0.18746337890624998
0.30023536682128904
0.2902217864990234
0.16147575378417967
0.07397613525390623
0.12285194396972654
0.18627128601074217
0.4599758148193359
0.16791305541992185
0.11856040954589842
0.17053565979003904
0.37724456787109373
0.35364112854003904
0.0715919494628906
0.17697296142578123
0.3100105285644531
0.11069259643554685
0.19533119201660154
0.14836273193359373

