0.12905082702636717
0.12094459533691404
0.15098533630371092
0.2172657012939453
0.3290840148925781
0.2337165832519531
0.10544738769531248
0.07373771667480467
0.1173683166503906
0.18841705322265623
0.3011890411376953
0.26590309143066404
0.14883956909179685
0.07278404235839842
0.12022933959960935
0.19103965759277342
0.46045265197753904
0.17196617126464842
0.10806999206542967
0.16648254394531248
0.35626373291015623
0.38105926513671873
0.0944801330566406
0.16862831115722654
0.30786476135253904
0.10830841064453123
0.19986114501953123
0.1486011505126953

