0.13000450134277342
0.1257129669189453
0.15408477783203123
0.22012672424316404
0.3317066192626953
0.23133239746093748
0.11236152648925779
0.07683715820312498
0.11045417785644529
0.18531761169433592
0.2744861602783203
0.25898895263671873
0.16052207946777342
0.08160552978515623
0.12785873413085935
0.1829334259033203
0.4714199066162109
0.17411193847656248
0.1154609680175781
0.1764961242675781
0.35531005859375
0.3760524749755859
0.07373771667480467
0.16743621826171873
0.3081031799316406
0.10806999206542967
0.19509277343749998
0.1459785461425781

