0.12642822265624998
0.12165985107421873
0.1505084991455078
0.22012672424316404
0.3348060607910156
0.22847137451171873
0.10663948059082029
0.07469139099121092
0.12189826965332029
0.1841255187988281
0.2661415100097656
0.26709518432617185
0.14812431335449217
0.07779083251953123
0.12070617675781248
0.18960914611816404
0.46045265197753904
0.17101249694824217
0.13787231445312498
0.17482719421386717
0.35173377990722654
0.4029937744140625
0.10115585327148435
0.17196617126464842
0.30643424987792967
0.10806999206542967
0.1993843078613281
0.1466938018798828

