0.13191184997558592
0.12738189697265623
0.15456161499023435
0.21416625976562498
0.33003768920898435
0.22894821166992185
0.10878524780273435
0.07445297241210935
0.11474571228027342
0.19032440185546873
0.2706714630126953
0.26637992858886717
0.15575370788574217
0.07445297241210935
0.12475929260253904
0.18770179748535154
0.46927413940429685
0.17482719421386717
0.11140785217285154
0.17244300842285154
0.35054168701171873
0.4046627044677734
0.09591064453124998
0.17315826416015623
0.3081031799316406
0.11140785217285154
0.19890747070312498
0.1440711975097656

