0.13191184997558592
0.12738189697265623
0.15122375488281248
0.21583518981933592
0.3297992706298828
0.22823295593261717
0.10926208496093748
0.07802925109863279
0.1257129669189453
0.18555603027343748
0.2711483001708984
0.2630420684814453
0.15217742919921873
0.07588348388671873
0.1249977111816406
0.18364868164062498
0.4637905120849609
0.1714893341064453
0.1352497100830078
0.17125091552734373
0.3450580596923828
0.40633163452148435
0.09948692321777342
0.17482719421386717
0.30285797119140623
0.10759315490722654
0.19795379638671873
0.14931640624999998

