0.12976608276367185
0.12070617675781248
0.14764747619628904
0.2127357482910156
0.32813034057617185
0.2279945373535156
0.1040168762207031
0.07516822814941404
0.1211830139160156
0.2058216094970703
0.2730556488037109
0.28569183349609373
0.1562305450439453
0.07302246093749998
0.1714893341064453
0.1822181701660156
0.4625984191894531
0.16910514831542967
0.14001808166503904
0.19461593627929685
0.3531642913818359
0.4041858673095703
0.1021095275878906
0.17864189147949217
0.3061958312988281
0.13095817565917967
0.19127807617187498
0.15336952209472654

