0.13167343139648435
0.1269050598144531
0.15718421936035154
0.2134510040283203
0.33647499084472654
0.2337165832519531
0.11116943359374998
0.0811286926269531
0.1230903625488281
0.18722496032714842
0.2794929504394531
0.2673336029052734
0.16338310241699217
0.07683715820312498
0.12547454833984373
0.18722496032714842
0.4678436279296875
0.16743621826171873
0.11331520080566404
0.16982040405273435
0.3572174072265625
0.4027553558349609
0.09662590026855467
0.17554244995117185
0.305718994140625
0.1135536193847656
0.1981922149658203
0.13977966308593748

