0.13381919860839842
0.12785873413085935
0.15027008056640623
0.21511993408203123
0.33695182800292967
0.23014030456542967
0.1116462707519531
0.07230720520019529
0.11689147949218748
0.1860328674316406
0.29642066955566404
0.2844997406005859
0.15575370788574217
0.07755241394042967
0.13024291992187498
0.1860328674316406
0.46092948913574217
0.17315826416015623
0.10640106201171873
0.17768821716308592
0.3786750793457031
0.3817745208740234
0.0677772521972656
0.17744979858398435
0.3088184356689453
0.11569938659667967
0.19485435485839842
0.15098533630371092

