0.13572654724121092
0.12475929260253904
0.1505084991455078
0.21559677124023435
0.3359981536865234
0.22370300292968748
0.10926208496093748
0.0773139953613281
0.12142143249511717
0.1879402160644531
0.2692409515380859
0.2604194641113281
0.15384635925292967
0.07659873962402342
0.12404403686523435
0.18364868164062498
0.4676052093505859
0.17506561279296873
0.11426887512207029
0.17315826416015623
0.35030326843261717
0.39751014709472654
0.07111511230468748
0.17196617126464842
0.3081031799316406
0.10425529479980467
0.19866905212402342
0.14144859313964842

