0.1383491516113281
0.1276203155517578
0.15408477783203123
0.2153583526611328
0.3393360137939453
0.23967704772949217
0.10830841064453123
0.08065185546874998
0.1276203155517578
0.1886554718017578
0.28879127502441404
0.2718635559082031
0.16171417236328123
0.07636032104492185
0.12857398986816404
0.18841705322265623
0.47738037109375
0.17625770568847654
0.11474571228027342
0.1390644073486328
0.3531642913818359
0.37342987060546873
0.09996376037597654
0.17506561279296873
0.3042884826660156
0.11331520080566404
0.19652328491210935
0.1478858947753906

