0.12857398986816404
0.12785873413085935
0.14907798767089842
0.2115436553955078
0.33456764221191404
0.2394386291503906
0.10354003906249998
0.06873092651367185
0.11212310791015623
0.17744979858398435
0.26256523132324217
0.25112113952636717
0.14693222045898435
0.0658699035644531
0.14121017456054685
0.1822181701660156
0.4637905120849609
0.1753040313720703
0.14240226745605467
0.17053565979003904
0.35054168701171873
0.3736682891845703
0.09471855163574217
0.17935714721679685
0.30714950561523435
0.10830841064453123
0.19914588928222654
0.1517005920410156

