0.13048133850097654
0.12356719970703123
0.14883956909179685
0.2165504455566406
0.3348060607910156
0.22561035156249998
0.10830841064453123
0.07945976257324217
0.11808357238769529
0.19032440185546873
0.2687641143798828
0.26137313842773435
0.15122375488281248
0.07445297241210935
0.14645538330078123
0.18889389038085935
0.46355209350585935
0.1657672882080078
0.13739547729492185
0.16982040405273435
0.351495361328125
0.42540512084960935
0.09543380737304685
0.16982040405273435
0.3092952728271484
0.10520896911621092
0.19461593627929685
0.14550170898437498

