0.12785873413085935
0.12642822265624998
0.14264068603515623
0.2184577941894531
0.3302761077880859
0.2299018859863281
0.1333423614501953
0.07445297241210935
0.11498413085937498
0.18770179748535154
0.30095062255859373
0.2592273712158203
0.15122375488281248
0.06992301940917967
0.12475929260253904
0.18889389038085935
0.46545944213867185
0.16719779968261717
0.10640106201171873
0.16910514831542967
0.3550716400146484
0.3953643798828125
0.09519538879394529
0.17315826416015623
0.3042884826660156
0.10997734069824217
0.2000995635986328
0.1505084991455078

