0.14144859313964842
0.13286552429199217
0.16028366088867185
0.22060356140136717
0.34291229248046873
0.24444541931152342
0.1230903625488281
0.08184394836425779
0.1257129669189453
0.19580802917480467
0.2997585296630859
0.29379806518554685
0.16838989257812498
0.08518180847167967
0.13858757019042967
0.1955696105957031
0.46927413940429685
0.17315826416015623
0.11236152648925779
0.17506561279296873
0.38606605529785154
0.3805824279785156
0.07254562377929685
0.1726814270019531
0.31740150451660154
0.11951408386230467
0.2058216094970703
0.15670738220214842

