0.1307197570800781
0.12165985107421873
0.14621696472167967
0.20796737670898435
0.33528289794921873
0.23610076904296873
0.10616264343261717
0.07993659973144529
0.11641464233398435
0.18746337890624998
0.30261955261230467
0.27782402038574217
0.14907798767089842
0.07230720520019529
0.14550170898437498
0.18364868164062498
0.46808204650878904
0.17601928710937498
0.14073333740234373
0.19199333190917967
0.3603168487548828
0.39870223999023435
0.09114227294921873
0.1657672882080078
0.3061958312988281
0.11069259643554685
0.19700012207031248
0.14144859313964842

