0.1593299865722656
0.12094459533691404
0.1524158477783203
0.20677528381347654
0.32932243347167967
0.22513351440429685
0.10806999206542967
0.07516822814941404
0.11879882812499998
0.18126449584960935
0.27162513732910154
0.28616867065429685
0.15646896362304685
0.07373771667480467
0.14812431335449217
0.1898475646972656
0.46617469787597654
0.1574226379394531
0.13572654724121092
0.17387351989746092
0.35745582580566404
0.39870223999023435
0.09781799316406248
0.16982040405273435
0.30405006408691404
0.1135536193847656
0.19509277343749998
0.14645538330078123

