0.12547454833984373
0.12976608276367185
0.15837631225585935
0.22012672424316404
0.33528289794921873
0.25326690673828123
0.11641464233398435
0.07397613525390623
0.12142143249511717
0.19008598327636717
0.2954669952392578
0.2649494171142578
0.1574226379394531
0.07588348388671873
0.12714347839355467
0.18841705322265623
0.4656978607177734
0.1745887756347656
0.11021575927734373
0.17387351989746092
0.38082084655761717
0.39035758972167967
0.06873092651367185
0.1764961242675781
0.3069110870361328
0.11069259643554685
0.1981922149658203
0.14812431335449217

