0.13930282592773435
0.1390644073486328
0.16266784667968748
0.22131881713867185
0.33504447937011717
0.2420612335205078
0.11665306091308592
0.0830360412597656
0.1211830139160156
0.19151649475097654
0.3092952728271484
0.298089599609375
0.16076049804687498
0.0792213439941406
0.1345344543457031
0.19390068054199217
0.4697509765625
0.18007240295410154
0.11045417785644529
0.17435035705566404
0.38463554382324217
0.3836818695068359
0.08398971557617185
0.18364868164062498
0.3100105285644531
0.11665306091308592
0.1955696105957031
0.14359436035156248

