0.13215026855468748
0.12928924560546873
0.15599212646484373
0.21011314392089842
0.3240772247314453
0.2268024444580078
0.10926208496093748
0.07612190246582029
0.11426887512207029
0.18507919311523435
0.28736076354980467
0.28306922912597654
0.15837631225585935
0.07397613525390623
0.1421638488769531
0.18245658874511717
0.4671283721923828
0.17435035705566404
0.14383277893066404
0.19103965759277342
0.3545948028564453
0.40513954162597654
0.1002021789550781
0.17101249694824217
0.3073879241943359
0.11021575927734373
0.19413909912109373
0.15027008056640623

