0.13381919860839842
0.13024291992187498
0.15789947509765623
0.21988830566406248
0.33528289794921873
0.23157081604003904
0.11403045654296873
0.07516822814941404
0.12261352539062498
0.1886554718017578
0.2833076477050781
0.2642341613769531
0.1524158477783203
0.07850608825683592
0.1307197570800781
0.19151649475097654
0.46665153503417967
0.1707740783691406
0.11331520080566404
0.17125091552734373
0.3545948028564453
0.3843971252441406
0.10091743469238279
0.17411193847656248
0.3088184356689453
0.11593780517578123
0.19676170349121092
0.15670738220214842

