0.1288124084472656
0.12809715270996092
0.15217742919921873
0.22155723571777342
0.3321834564208984
0.23085556030273435
0.10354003906249998
0.07683715820312498
0.12046775817871092
0.1829334259033203
0.30023536682128904
0.2859302520751953
0.14955482482910154
0.06992301940917967
0.1269050598144531
0.18317184448242185
0.46236000061035154
0.1707740783691406
0.11569938659667967
0.19270858764648435
0.3596015930175781
0.37390670776367185
0.0925727844238281
0.17053565979003904
0.30023536682128904
0.1078315734863281
0.19509277343749998
0.14550170898437498

