0.1307197570800781
0.12928924560546873
0.15122375488281248
0.21202049255371092
0.33146820068359373
0.23133239746093748
0.11188468933105467
0.08089027404785154
0.11712989807128904
0.19151649475097654
0.27210197448730467
0.259942626953125
0.15313110351562498
0.07445297241210935
0.13286552429199217
0.18960914611816404
0.46355209350585935
0.18126449584960935
0.1078315734863281
0.17244300842285154
0.3584095001220703
0.4003711700439453
0.09757957458496092
0.1810260772705078
0.3088184356689453
0.10663948059082029
0.19795379638671873
0.15456161499023435

