0.12928924560546873
0.13095817565917967
0.14836273193359373
0.21750411987304685
0.3379055023193359
0.22847137451171873
0.11617622375488279
0.08041343688964842
0.12070617675781248
0.19390068054199217
0.30095062255859373
0.26328048706054685
0.15885314941406248
0.07779083251953123
0.12475929260253904
0.18722496032714842
0.4640289306640625
0.16791305541992185
0.1097389221191406
0.16862831115722654
0.35864791870117185
0.3779598236083984
0.0982948303222656
0.17697296142578123
0.30452690124511717
0.10735473632812498
0.1962848663330078
0.14836273193359373

