0.1307197570800781
0.12356719970703123
0.1555152893066406
0.21511993408203123
0.332421875
0.23109397888183592
0.10854682922363279
0.07659873962402342
0.12642822265624998
0.1848407745361328
0.27996978759765623
0.2673336029052734
0.15384635925292967
0.07278404235839842
0.13000450134277342
0.18341026306152342
0.4656978607177734
0.17029724121093748
0.11617622375488279
0.1733966827392578
0.3576942443847656
0.39989433288574217
0.09591064453124998
0.17435035705566404
0.305718994140625
0.10616264343261717
0.19700012207031248
0.14812431335449217

