0.13310394287109373
0.12905082702636717
0.17387351989746092
0.2210803985595703
0.3340908050537109
0.2554126739501953
0.11212310791015623
0.07945976257324217
0.11856040954589842
0.19270858764648435
0.27281723022460935
0.28688392639160154
0.15646896362304685
0.07516822814941404
0.12380561828613279
0.18913230895996092
0.46665153503417967
0.17053565979003904
0.11307678222656248
0.17578086853027342
0.3557868957519531
0.40752372741699217
0.09734115600585935
0.18150291442871092
0.3088184356689453
0.10997734069824217
0.1981922149658203
0.14740905761718748

