0.12022933959960935
0.12404403686523435
0.1428791046142578
0.20272216796874998
0.3228851318359375
0.21941146850585935
0.1078315734863281
0.06992301940917967
0.11641464233398435
0.18197975158691404
0.26637992858886717
0.2649494171142578
0.1505084991455078
0.06992301940917967
0.12094459533691404
0.1841255187988281
0.46927413940429685
0.17196617126464842
0.1040168762207031
0.17005882263183592
0.35292587280273435
0.38344345092773435
0.09948692321777342
0.16862831115722654
0.30405006408691404
0.10806999206542967
0.19843063354492185
0.14550170898437498

