0.12905082702636717
0.12785873413085935
0.1574226379394531
0.21106681823730467
0.34720382690429685
0.22394142150878904
0.11236152648925779
0.07421455383300779
0.11879882812499998
0.1841255187988281
0.29379806518554685
0.26900253295898435
0.16099891662597654
0.0696846008300781
0.12356719970703123
0.18937072753906248
0.46474418640136717
0.17053565979003904
0.11116943359374998
0.16862831115722654
0.3550716400146484
0.38105926513671873
0.09042701721191404
0.17673454284667967
0.30953369140625
0.10497055053710935
0.19509277343749998
0.14717063903808592

