0.12905082702636717
0.12976608276367185
0.1478858947753906
0.22251091003417967
0.3283687591552734
0.2260871887207031
0.1040168762207031
0.08160552978515623
0.12022933959960935
0.19127807617187498
0.27138671875
0.2883144378662109
0.16862831115722654
0.0754066467285156
0.12332878112792967
0.1822181701660156
0.4656978607177734
0.17411193847656248
0.13596496582031248
0.1688667297363281
0.351495361328125
0.39751014709472654
0.09614906311035154
0.17101249694824217
0.3088184356689453
0.10759315490722654
0.20224533081054685
0.14836273193359373

