0.1295276641845703
0.12165985107421873
0.15384635925292967
0.21321258544921873
0.3512569427490234
0.22584877014160154
0.10568580627441404
0.07898292541503904
0.11307678222656248
0.17792663574218748
0.2954669952392578
0.2844997406005859
0.14907798767089842
0.0734992980957031
0.1421638488769531
0.18460235595703123
0.46545944213867185
0.1669593811035156
0.13572654724121092
0.1803108215332031
0.3512569427490234
0.39798698425292967
0.09495697021484373
0.17244300842285154
0.2928443908691406
0.11045417785644529
0.1905628204345703
0.14526329040527342

