0.12666664123535154
0.12452087402343748
0.14717063903808592
0.21368942260742185
0.32765350341796873
0.22346458435058592
0.10520896911621092
0.07278404235839842
0.12046775817871092
0.1867481231689453
0.29904327392578123
0.2844997406005859
0.14764747619628904
0.07516822814941404
0.15217742919921873
0.18126449584960935
0.4625984191894531
0.1650520324707031
0.1402565002441406
0.17005882263183592
0.3534027099609375
0.39989433288574217
0.08780441284179685
0.1810260772705078
0.3081031799316406
0.11760673522949217
0.19318542480468748
0.14359436035156248

