0.14049491882324217
0.13167343139648435
0.15718421936035154
0.21297416687011717
0.3317066192626953
0.2318092346191406
0.11116943359374998
0.0792213439941406
0.1269050598144531
0.18650970458984373
0.3011890411376953
0.2954669952392578
0.15789947509765623
0.07183036804199217
0.12595138549804685
0.1860328674316406
0.46927413940429685
0.17506561279296873
0.12285194396972654
0.16862831115722654
0.37915191650390623
0.38487396240234373
0.07421455383300779
0.18078765869140623
0.3157325744628906
0.10473213195800779
0.19962272644042967
0.15789947509765623

