0.1307197570800781
0.1288124084472656
0.15027008056640623
0.21202049255371092
0.3336139678955078
0.2260871887207031
0.10926208496093748
0.07993659973144529
0.1192756652832031
0.1848407745361328
0.27353248596191404
0.2649494171142578
0.15098533630371092
0.07397613525390623
0.12046775817871092
0.1886554718017578
0.46688995361328123
0.16910514831542967
0.1097389221191406
0.16409835815429685
0.36055526733398435
0.39798698425292967
0.09090385437011717
0.17291984558105467
0.30142745971679685
0.10544738769531248
0.1936622619628906
0.1459785461425781

