0.12833557128906248
0.12642822265624998
0.15027008056640623
0.21178207397460935
0.3317066192626953
0.2279945373535156
0.11236152648925779
0.07802925109863279
0.12237510681152342
0.17029724121093748
0.29689750671386717
0.28759918212890623
0.15098533630371092
0.07707557678222654
0.1497932434082031
0.18698654174804685
0.46045265197753904
0.16648254394531248
0.1390644073486328
0.1898475646972656
0.351495361328125
0.39679489135742185
0.09328804016113279
0.17029724121093748
0.30142745971679685
0.11212310791015623
0.19223175048828123
0.14764747619628904

