0.13191184997558592
0.12857398986816404
0.14907798767089842
0.21583518981933592
0.3340908050537109
0.23109397888183592
0.10735473632812498
0.07898292541503904
0.11832199096679685
0.18960914611816404
0.27591667175292967
0.26328048706054685
0.15003166198730467
0.07564506530761717
0.12666664123535154
0.18388710021972654
0.46736679077148435
0.17053565979003904
0.13358078002929685
0.1733966827392578
0.351495361328125
0.4237361907958984
0.09495697021484373
0.17244300842285154
0.3107257843017578
0.10544738769531248
0.1974769592285156
0.15980682373046873

