0.1257129669189453
0.11879882812499998
0.1466938018798828
0.21035156249999998
0.32956085205078123
0.2306171417236328
0.09972534179687498
0.0677772521972656
0.11021575927734373
0.18388710021972654
0.29570541381835935
0.2866455078125
0.14931640624999998
0.07421455383300779
0.1428791046142578
0.18269500732421873
0.45544586181640623
0.16719779968261717
0.1676746368408203
0.1848407745361328
0.3584095001220703
0.3946491241455078
0.09018859863281248
0.16791305541992185
0.29952011108398435
0.11045417785644529
0.19413909912109373
0.14764747619628904

