0.12833557128906248
0.12213668823242185
0.15408477783203123
0.2127357482910156
0.33313713073730467
0.2279945373535156
0.1040168762207031
0.07779083251953123
0.11999092102050779
0.19223175048828123
0.29713592529296873
0.28497657775878904
0.15265426635742185
0.07969818115234373
0.15670738220214842
0.19318542480468748
0.4804798126220703
0.16743621826171873
0.13095817565917967
0.19032440185546873
0.3545948028564453
0.3953643798828125
0.09734115600585935
0.17578086853027342
0.36389312744140623
0.10997734069824217
0.19008598327636717
0.14645538330078123

