0.13167343139648435
0.1288124084472656
0.15646896362304685
0.22179565429687498
0.3393360137939453
0.2279945373535156
0.10950050354003904
0.07564506530761717
0.10878524780273435
0.19652328491210935
0.30452690124511717
0.28998336791992185
0.16076049804687498
0.07445297241210935
0.12785873413085935
0.1917549133300781
0.4676052093505859
0.17625770568847654
0.1097389221191406
0.17005882263183592
0.38463554382324217
0.38606605529785154
0.07421455383300779
0.17888031005859373
0.3069110870361328
0.12523612976074217
0.19485435485839842
0.15336952209472654

