0.12595138549804685
0.12738189697265623
0.15289268493652342
0.21440467834472654
0.3340908050537109
0.23323974609374998
0.10330162048339842
0.07612190246582029
0.1249977111816406
0.19080123901367185
0.2725788116455078
0.2890296936035156
0.15718421936035154
0.0792213439941406
0.14931640624999998
0.18722496032714842
0.465936279296875
0.17578086853027342
0.1466938018798828
0.2439685821533203
0.351495361328125
0.40585479736328123
0.09233436584472654
0.1803108215332031
0.3054805755615234
0.10497055053710935
0.20606002807617185
0.1440711975097656

