0.13691864013671873
0.17053565979003904
0.38296661376953123
0.32169303894042967
0.32121620178222654
0.21869621276855467
0.1333423614501953
0.09543380737304685
0.2031990051269531
0.23490867614746092
0.2885528564453125
0.2866455078125
0.19723854064941404
0.08232078552246092
0.1657672882080078
0.2077289581298828
0.3088184356689453
0.2802082061767578
0.059432601928710915
0.12165985107421873
0.2542205810546875
0.33575973510742185
0.07111511230468748
0.20176849365234373
0.27734718322753904
0.1078315734863281
0.22823295593261717
0.07969818115234373

