0.13739547729492185
0.1764961242675781
0.39345703125
0.3202625274658203
0.33003768920898435
0.2184577941894531
0.1314350128173828
0.09972534179687498
0.20415267944335935
0.24444541931152342
0.28807601928710935
0.2878376007080078
0.20057640075683592
0.08470497131347654
0.16433677673339842
0.20462951660156248
0.3004737854003906
0.27901611328125
0.05514106750488279
0.11689147949218748
0.2535053253173828
0.33528289794921873
0.07087669372558592
0.19866905212402342
0.27782402038574217
0.10473213195800779
0.23514709472656248
0.08542022705078123

