0.1383491516113281
0.17363510131835935
0.38988075256347654
0.3042884826660156
0.3226467132568359
0.22394142150878904
0.13191184997558592
0.09662590026855467
0.19604644775390623
0.23776969909667967
0.27925453186035154
0.28497657775878904
0.19533119201660154
0.08232078552246092
0.15694580078124998
0.20153007507324217
0.29451332092285154
0.27734718322753904
0.049895858764648415
0.12189826965332029
0.2527900695800781
0.3305145263671875
0.0639625549316406
0.19866905212402342
0.2706714630126953
0.11069259643554685
0.23610076904296873
0.07779083251953123

