0.12165985107421873
0.18007240295410154
0.3894039154052734
0.32884559631347654
0.3340908050537109
0.21893463134765623
0.13215026855468748
0.10187110900878904
0.20415267944335935
0.23729286193847654
0.28736076354980467
0.2844997406005859
0.19604644775390623
0.07755241394042967
0.16242942810058592
0.21035156249999998
0.29713592529296873
0.28545341491699217
0.046081161499023415
0.12189826965332029
0.25636634826660154
0.3393360137939453
0.0715919494628906
0.20343742370605467
0.27901611328125
0.10711631774902342
0.23490867614746092
0.08136711120605467

