0.13215026855468748
0.17673454284667967
0.38582763671875
0.31477890014648435
0.3290840148925781
0.2248950958251953
0.13477287292480467
0.09757957458496092
0.20248374938964842
0.23681602478027342
0.28998336791992185
0.2992816925048828
0.19413909912109373
0.08470497131347654
0.1695819854736328
0.20439109802246092
0.2966590881347656
0.275201416015625
0.0544258117675781
0.12142143249511717
0.25827369689941404
0.33337554931640623
0.06467781066894529
0.19866905212402342
0.27663192749023435
0.11212310791015623
0.23586235046386717
0.07659873962402342

