0.13501129150390623
0.17625770568847654
0.3824897766113281
0.3221698760986328
0.32574615478515623
0.21702728271484373
0.13095817565917967
0.09281120300292967
0.1974769592285156
0.23586235046386717
0.29141387939453123
0.28926811218261717
0.19294700622558592
0.08279762268066404
0.16338310241699217
0.21058998107910154
0.29689750671386717
0.27472457885742185
0.04965744018554685
0.11712989807128904
0.2539821624755859
0.33075294494628904
0.06992301940917967
0.19270858764648435
0.26781044006347654
0.10711631774902342
0.23300132751464842
0.07802925109863279

