0.13977966308593748
0.1791187286376953
0.38845024108886717
0.3150173187255859
0.3226467132568359
0.2210803985595703
0.13048133850097654
0.09519538879394529
0.1993843078613281
0.2356239318847656
0.2883144378662109
0.2902217864990234
0.19580802917480467
0.08351287841796873
0.16552886962890623
0.20725212097167967
0.3004737854003906
0.2802082061767578
0.053710556030273415
0.11975250244140623
0.259942626953125
0.34481964111328123
0.06515464782714842
0.20081481933593748
0.27210197448730467
0.10806999206542967
0.2363391876220703
0.07945976257324217

