0.14359436035156248
0.17554244995117185
0.38678131103515623
0.32121620178222654
0.32240829467773435
0.22060356140136717
0.1333423614501953
0.09805641174316404
0.20033798217773435
0.2375312805175781
0.28950653076171873
0.29904327392578123
0.19723854064941404
0.08279762268066404
0.16719779968261717
0.20749053955078123
0.29308280944824217
0.2814002990722656
0.0582405090332031
0.12022933959960935
0.2554126739501953
0.3393360137939453
0.06706199645996092
0.19294700622558592
0.275201416015625
0.10997734069824217
0.24682960510253904
0.08375129699707029

