0.13405761718749998
0.1753040313720703
0.38535079956054685
0.31787834167480467
0.32169303894042967
0.2184577941894531
0.1249977111816406
0.09424171447753904
0.19723854064941404
0.2318092346191406
0.28378448486328123
0.28378448486328123
0.18746337890624998
0.08518180847167967
0.16433677673339842
0.20844421386718748
0.2940364837646484
0.27090988159179685
0.04965744018554685
0.1211830139160156
0.24802169799804685
0.332421875
0.06873092651367185
0.2020069122314453
0.27663192749023435
0.10830841064453123
0.2318092346191406
0.07492980957031248

