0.13739547729492185
0.17792663574218748
0.3894039154052734
0.32169303894042967
0.3240772247314453
0.21774253845214842
0.13763389587402342
0.09376487731933592
0.19962272644042967
0.2401538848876953
0.29189071655273435
0.2821155548095703
0.1917549133300781
0.08208236694335935
0.16362152099609373
0.2096363067626953
0.30023536682128904
0.27853927612304685
0.05800209045410154
0.11903724670410154
0.2604194641113281
0.34076652526855467
0.06730041503906248
0.20033798217773435
0.2706714630126953
0.11093101501464842
0.23037872314453123
0.0773139953613281

