0.13954124450683592
0.17673454284667967
0.38845024108886717
0.3207393646240234
0.3176399230957031
0.21631202697753904
0.1371570587158203
0.09805641174316404
0.2051063537597656
0.23896179199218748
0.2864070892333984
0.28354606628417967
0.19294700622558592
0.07850608825683592
0.15837631225585935
0.21130523681640623
0.298089599609375
0.27973136901855467
0.055617904663085915
0.11832199096679685
0.2501674652099609
0.33122978210449217
0.06539306640624998
0.20081481933593748
0.27853927612304685
0.10926208496093748
0.23586235046386717
0.08184394836425779

