0.13310394287109373
0.17959556579589842
0.44400177001953123
0.31597099304199217
0.3457733154296875
0.21559677124023435
0.1333423614501953
0.09591064453124998
0.20343742370605467
0.24349174499511717
0.2883144378662109
0.2859302520751953
0.19652328491210935
0.07826766967773435
0.1631446838378906
0.20176849365234373
0.298089599609375
0.27782402038574217
0.05394897460937498
0.12261352539062498
0.2573200225830078
0.33575973510742185
0.06658515930175779
0.2020069122314453
0.2654262542724609
0.10926208496093748
0.23037872314453123
0.07707557678222654

