0.1326271057128906
0.1791187286376953
0.4072853088378906
0.32240829467773435
0.32383880615234373
0.22155723571777342
0.12714347839355467
0.09924850463867185
0.1981922149658203
0.23490867614746092
0.2890296936035156
0.29260597229003904
0.20153007507324217
0.08613548278808592
0.16219100952148435
0.20558319091796873
0.30023536682128904
0.275201416015625
0.0506111145019531
0.12237510681152342
0.2558895111083984
0.33456764221191404
0.06849250793457029
0.19652328491210935
0.24635276794433592
0.1078315734863281
0.23323974609374998
0.08351287841796873

