0.13477287292480467
0.17244300842285154
0.4087158203125
0.3190704345703125
0.3266998291015625
0.21941146850585935
0.1333423614501953
0.09996376037597654
0.21011314392089842
0.2432533264160156
0.2833076477050781
0.28235397338867185
0.1962848663330078
0.08208236694335935
0.1555152893066406
0.20915946960449217
0.29427490234375
0.2771087646484375
0.05108795166015623
0.11689147949218748
0.2611347198486328
0.3336139678955078
0.06563148498535154
0.1993843078613281
0.2756782531738281
0.10950050354003904
0.22751770019531248
0.08184394836425779

