0.1364418029785156
0.1764961242675781
0.4072853088378906
0.3202625274658203
0.3252693176269531
0.21702728271484373
0.1288124084472656
0.10044059753417967
0.2165504455566406
0.23514709472656248
0.28759918212890623
0.2885528564453125
0.19723854064941404
0.08184394836425779
0.1600452423095703
0.2039142608642578
0.30953369140625
0.27424774169921873
0.05347213745117185
0.11689147949218748
0.25684318542480467
0.33456764221191404
0.0696846008300781
0.1974769592285156
0.27663192749023435
0.11784515380859373
0.23586235046386717
0.08136711120605467

