0.13286552429199217
0.1784034729003906
0.4087158203125
0.3221698760986328
0.33122978210449217
0.22751770019531248
0.13000450134277342
0.09376487731933592
0.2000995635986328
0.24039230346679685
0.28950653076171873
0.2902217864990234
0.19223175048828123
0.09400329589843748
0.17935714721679685
0.20820579528808592
0.2961822509765625
0.27353248596191404
0.056571578979492165
0.1211830139160156
0.25064430236816404
0.32884559631347654
0.06801567077636717
0.2000995635986328
0.30095062255859373
0.10544738769531248
0.22537193298339842
0.08613548278808592

