0.13286552429199217
0.17935714721679685
0.40585479736328123
0.31930885314941404
0.3264614105224609
0.22274932861328123
0.13572654724121092
0.10044059753417967
0.2089210510253906
0.23657760620117185
0.29451332092285154
0.28807601928710935
0.1955696105957031
0.08041343688964842
0.16481361389160154
0.20153007507324217
0.2985664367675781
0.27663192749023435
0.05204162597656248
0.11641464233398435
0.25302848815917967
0.3398128509521484
0.0658699035644531
0.20057640075683592
0.29880485534667967
0.10663948059082029
0.23014030456542967
0.07755241394042967

