0.14001808166503904
0.17864189147949217
0.313348388671875
0.32383880615234373
0.30142745971679685
0.19962272644042967
0.10616264343261717
0.0639625549316406
0.15122375488281248
0.2108283996582031
0.3035732269287109
0.25827369689941404
0.16076049804687498
0.1059242248535156
0.1421638488769531
0.2115436553955078
0.2940364837646484
0.22537193298339842
0.05228004455566404
0.12094459533691404
0.22704086303710935
0.28378448486328123
0.07087669372558592
0.19485435485839842
0.2520748138427734
0.10568580627441404
0.20415267944335935
0.07564506530761717

