0.13405761718749998
0.18269500732421873
0.40966949462890623
0.320977783203125
0.343865966796875
0.22131881713867185
0.13000450134277342
0.10330162048339842
0.19580802917480467
0.2401538848876953
0.2840229034423828
0.28759918212890623
0.1962848663330078
0.07636032104492185
0.15980682373046873
0.20749053955078123
0.29141387939453123
0.2847381591796875
0.05347213745117185
0.11856040954589842
0.24992904663085935
0.33456764221191404
0.07063827514648435
0.20033798217773435
0.2725788116455078
0.10902366638183592
0.22894821166992185
0.07898292541503904

