0.1326271057128906
0.1784034729003906
0.4060932159423828
0.3188320159912109
0.3259845733642578
0.23610076904296873
0.1307197570800781
0.09591064453124998
0.1974769592285156
0.23800811767578123
0.29260597229003904
0.2840229034423828
0.1905628204345703
0.08160552978515623
0.16290626525878904
0.21225891113281248
0.2966590881347656
0.2840229034423828
0.05776367187499998
0.12380561828613279
0.2542205810546875
0.3302761077880859
0.06706199645996092
0.19890747070312498
0.3011890411376953
0.11069259643554685
0.22537193298339842
0.0773139953613281

