0.13548812866210935
0.17625770568847654
0.4065700531005859
0.32741508483886717
0.32360038757324217
0.21893463134765623
0.12714347839355467
0.09996376037597654
0.20534477233886717
0.24086914062499998
0.28569183349609373
0.29570541381835935
0.19461593627929685
0.08160552978515623
0.1581378936767578
0.20558319091796873
0.29689750671386717
0.27925453186035154
0.05585632324218748
0.1192756652832031
0.25493583679199217
0.3443428039550781
0.06563148498535154
0.2039142608642578
0.2978511810302734
0.11116943359374998
0.22704086303710935
0.07802925109863279

