0.14192543029785154
0.17482719421386717
0.41348419189453123
0.3202625274658203
0.3290840148925781
0.22513351440429685
500.7413097381592
0.09757957458496092
0.19890747070312498
0.23729286193847654
0.28187713623046873
0.26280364990234373
0.19103965759277342
0.07707557678222654
0.15766105651855467
0.21631202697753904
0.2985664367675781
0.27782402038574217
0.0544258117675781
0.1230903625488281
0.25255165100097654
0.3367134094238281
0.06825408935546873
0.20224533081054685
0.290460205078125
0.09495697021484373
0.22656402587890623
0.0773139953613281

