0.1333423614501953
0.1803108215332031
0.40323219299316404
0.3228851318359375
0.32813034057617185
0.22179565429687498
0.13358078002929685
0.09471855163574217
0.1993843078613281
0.2413459777832031
0.29332122802734373
0.2871223449707031
0.19318542480468748
0.08851966857910154
0.1600452423095703
0.20439109802246092
0.29689750671386717
0.27996978759765623
0.04775009155273435
0.12404403686523435
0.26637992858886717
0.33575973510742185
0.06992301940917967
0.15336952209472654
0.29713592529296873
0.11212310791015623
0.22894821166992185
0.08065185546874998

