0.13691864013671873
0.17625770568847654
0.4137226104736328
0.32193145751953123
0.32431564331054685
0.22537193298339842
0.13167343139648435
0.0944801330566406
0.1993843078613281
0.23729286193847654
0.28926811218261717
0.29141387939453123
0.1905628204345703
0.07874450683593748
0.16409835815429685
0.2051063537597656
0.29427490234375
0.2768703460693359
0.05728683471679685
0.11689147949218748
0.25827369689941404
0.3302761077880859
0.06300888061523435
0.19461593627929685
0.3004737854003906
0.1116462707519531
0.2279945373535156
0.07659873962402342

