0.13477287292480467
0.1803108215332031
0.3112026214599609
0.31811676025390623
0.30023536682128904
0.2000995635986328
0.1364418029785156
0.062293624877929665
0.1486011505126953
0.21058998107910154
0.30095062255859373
0.26208839416503904
0.16600570678710935
0.11188468933105467
0.15694580078124998
0.21225891113281248
0.29761276245117185
0.22656402587890623
0.05418739318847654
0.11569938659667967
0.23133239746093748
0.28545341491699217
0.07254562377929685
0.19914588928222654
0.25255165100097654
0.11617622375488279
0.21702728271484373
0.08017501831054685

