0.13191184997558592
0.18317184448242185
0.41133842468261717
0.3190704345703125
0.32479248046875
0.21750411987304685
0.12928924560546873
0.09543380737304685
0.19032440185546873
0.23705444335937498
0.2844997406005859
0.2859302520751953
0.1955696105957031
0.0811286926269531
0.1676746368408203
0.20486793518066404
0.29689750671386717
0.27090988159179685
0.05228004455566404
0.12261352539062498
0.25326690673828123
0.33909759521484373
0.0715919494628906
0.2058216094970703
0.29713592529296873
0.11045417785644529
0.23395500183105467
0.07755241394042967

