0.13858757019042967
0.17554244995117185
0.4091926574707031
0.31597099304199217
0.32932243347167967
0.22274932861328123
0.1619525909423828
0.09757957458496092
0.20725212097167967
0.24039230346679685
0.28116188049316404
0.2597042083740234
0.19318542480468748
0.08065185546874998
0.16290626525878904
0.21130523681640623
0.2985664367675781
0.28926811218261717
0.05394897460937498
0.12261352539062498
0.2542205810546875
0.3355213165283203
0.0734992980957031
0.20105323791503904
0.2940364837646484
0.11307678222656248
0.22847137451171873
0.08232078552246092

