0.13739547729492185
0.17816505432128904
0.41157684326171873
0.3278919219970703
0.33528289794921873
0.21964988708496092
0.16147575378417967
0.09948692321777342
0.19652328491210935
0.2401538848876953
0.29141387939453123
0.26447257995605467
0.1936622619628906
0.0830360412597656
0.1657672882080078
0.2108283996582031
0.30595741271972654
0.27925453186035154
0.0506111145019531
0.11951408386230467
0.25684318542480467
0.336236572265625
0.06610832214355467
0.19962272644042967
0.29832801818847654
0.10497055053710935
0.22704086303710935
0.07969818115234373

