0.12976608276367185
0.1772113800048828
0.42802772521972654
0.31549415588378904
0.30214271545410154
0.21798095703124998
0.15336952209472654
0.0963874816894531
0.19843063354492185
0.23347816467285154
0.2825923919677734
0.28426132202148435
0.18746337890624998
0.07898292541503904
0.16457519531249998
0.21058998107910154
0.2973743438720703
0.2744861602783203
0.053710556030273415
0.12189826965332029
0.25326690673828123
0.3309913635253906
0.06920776367187498
0.19723854064941404
0.2935596466064453
0.10354003906249998
0.22656402587890623
0.07302246093749998

