0.13286552429199217
0.17601928710937498
0.4060932159423828
0.34481964111328123
0.31215629577636717
0.2458759307861328
0.15384635925292967
0.0963874816894531
0.19771537780761717
0.23586235046386717
0.28187713623046873
0.25946578979492185
0.1993843078613281
0.0792213439941406
0.15766105651855467
0.20534477233886717
0.3004737854003906
0.2577968597412109
0.07445297241210935
0.11379203796386717
0.24921379089355467
0.34076652526855467
0.07016143798828123
0.19843063354492185
0.2916522979736328
0.10306320190429685
0.2248950958251953
0.08279762268066404

