0.13596496582031248
0.1764961242675781
0.41157684326171873
0.3157325744628906
0.32360038757324217
0.22251091003417967
0.15718421936035154
0.09686431884765623
0.19676170349121092
0.2394386291503906
0.2897449493408203
0.26518783569335935
0.19723854064941404
0.08089027404785154
0.15861473083496092
0.20987472534179685
0.30214271545410154
0.3023811340332031
0.07945976257324217
0.12380561828613279
500.8292861938477
0.332421875
0.06992301940917967
0.20439109802246092
0.2947517395019531
0.11307678222656248
0.22131881713867185
0.0773139953613281

