0.13000450134277342
0.17315826416015623
0.40752372741699217
0.32050094604492185
0.3305145263671875
0.22346458435058592
0.15694580078124998
0.09972534179687498
0.19533119201660154
0.23848495483398435
0.2844997406005859
0.2871223449707031
0.19533119201660154
0.07850608825683592
0.15670738220214842
0.20272216796874998
0.29499015808105467
0.2985664367675781
0.07469139099121092
0.1230903625488281
0.2515979766845703
0.33337554931640623
0.07016143798828123
0.19843063354492185
0.3061958312988281
0.11283836364746092
0.2241798400878906
0.08184394836425779

