0.1352497100830078
0.17625770568847654
0.41086158752441404
0.35173377990722654
0.32479248046875
0.24563751220703123
0.15456161499023435
0.11045417785644529
0.20081481933593748
0.24063072204589842
0.2852149963378906
0.26590309143066404
0.1905628204345703
0.0811286926269531
0.16433677673339842
0.20868263244628904
0.29451332092285154
0.3035732269287109
0.07206878662109373
0.11474571228027342
0.2539821624755859
0.33456764221191404
0.06467781066894529
0.20462951660156248
0.30643424987792967
0.10449371337890623
0.22704086303710935
0.08398971557617185

