0.13310394287109373
0.17768821716308592
0.4156299591064453
0.3252693176269531
0.32479248046875
0.2203651428222656
0.15336952209472654
0.09686431884765623
0.1955696105957031
0.23872337341308592
0.2947517395019531
0.3004737854003906
0.19676170349121092
0.08422813415527342
0.15861473083496092
0.22942504882812498
0.2947517395019531
0.30285797119140623
0.06730041503906248
0.11379203796386717
0.23896179199218748
0.3379055023193359
0.06563148498535154
0.19652328491210935
0.30905685424804685
0.11140785217285154
0.22060356140136717
0.07302246093749998

