0.1326271057128906
0.18245658874511717
0.40966949462890623
0.3226467132568359
0.3305145263671875
0.2222724914550781
0.1555152893066406
0.10187110900878904
0.20415267944335935
0.23705444335937498
0.28759918212890623
0.28378448486328123
0.19342384338378904
0.08065185546874998
0.1581378936767578
0.20820579528808592
0.30261955261230467
0.3035732269287109
0.07588348388671873
0.11975250244140623
0.25374374389648435
0.3367134094238281
0.06992301940917967
0.20439109802246092
0.2997585296630859
0.11236152648925779
0.22894821166992185
0.08589706420898435

