0.13882598876953123
0.18054924011230467
0.40966949462890623
0.3226467132568359
0.3283687591552734
0.24182281494140623
0.1517005920410156
0.09471855163574217
0.20224533081054685
0.2420612335205078
0.28545341491699217
0.2558895111083984
0.19080123901367185
0.08851966857910154
0.1619525909423828
0.2031990051269531
0.29642066955566404
0.3035732269287109
0.07492980957031248
0.1211830139160156
0.2477832794189453
0.3367134094238281
0.06920776367187498
0.1993843078613281
0.3214546203613281
0.10687789916992185
0.22203407287597654
0.07469139099121092

