0.13858757019042967
0.1822181701660156
0.41658363342285154
0.3245540618896484
0.3221698760986328
0.21798095703124998
0.15098533630371092
0.1040168762207031
0.20153007507324217
0.2413459777832031
0.28736076354980467
0.28616867065429685
0.19509277343749998
0.08065185546874998
0.15599212646484373
0.2134510040283203
0.29499015808105467
0.30333480834960935
0.07397613525390623
0.12070617675781248
0.25135955810546873
0.3450580596923828
0.06873092651367185
0.19986114501953123
0.32193145751953123
0.10497055053710935
0.2229877471923828
0.0830360412597656

