0.13167343139648435
0.17768821716308592
0.41133842468261717
0.34839591979980467
0.32431564331054685
0.24444541931152342
0.15670738220214842
0.09948692321777342
0.19914588928222654
0.24158439636230467
0.28545341491699217
0.2656646728515625
0.19533119201660154
0.08255920410156248
0.1619525909423828
0.20343742370605467
0.30023536682128904
0.3035732269287109
0.07087669372558592
0.11331520080566404
0.25445899963378904
0.3374286651611328
0.06610832214355467
0.19533119201660154
0.3214546203613281
0.10926208496093748
0.22775611877441404
0.08160552978515623

