0.13405761718749998
0.17888031005859373
0.31668624877929685
0.3245540618896484
0.29499015808105467
0.19676170349121092
0.10950050354003904
0.0639625549316406
0.14931640624999998
0.21964988708496092
0.30214271545410154
0.26518783569335935
0.16791305541992185
0.11045417785644529
0.14836273193359373
0.2108283996582031
0.3266998291015625
0.22394142150878904
0.05490264892578123
0.13167343139648435
0.22370300292968748
0.28306922912597654
0.07302246093749998
0.2134510040283203
0.2558895111083984
0.10806999206542967
0.20534477233886717
0.08613548278808592

