0.13501129150390623
0.1726814270019531
0.43065032958984373
0.3534027099609375
0.32360038757324217
0.21559677124023435
0.1486011505126953
0.0944801330566406
0.20057640075683592
0.23514709472656248
0.2809234619140625
0.3100105285644531
0.1924701690673828
0.08351287841796873
0.1612373352050781
0.20224533081054685
0.2902217864990234
0.29952011108398435
0.07206878662109373
0.11856040954589842
0.25255165100097654
0.336236572265625
0.06730041503906248
0.20153007507324217
0.3207393646240234
0.11641464233398435
0.22060356140136717
0.07898292541503904

