0.13167343139648435
0.17792663574218748
0.31811676025390623
0.3183551788330078
0.2985664367675781
0.2051063537597656
0.11140785217285154
0.06324729919433592
0.14526329040527342
0.2172657012939453
0.3011890411376953
0.26256523132324217
0.1714893341064453
0.10425529479980467
0.13954124450683592
0.20534477233886717
0.29522857666015623
0.21988830566406248
0.05800209045410154
0.11093101501464842
0.22465667724609373
0.28378448486328123
0.06896934509277342
0.19890747070312498
0.2592273712158203
0.10759315490722654
0.20296058654785154
0.07779083251953123

