0.1364418029785156
0.17744979858398435
0.43160400390625
0.3228851318359375
0.3202625274658203
0.2477832794189453
0.15575370788574217
0.09376487731933592
0.19676170349121092
0.23896179199218748
0.30834159851074217
0.2642341613769531
0.19914588928222654
0.0811286926269531
0.16219100952148435
0.21058998107910154
0.29904327392578123
0.30214271545410154
0.07373771667480467
0.11975250244140623
0.2771087646484375
0.33337554931640623
0.06634674072265623
0.1955696105957031
0.31740150451660154
0.10878524780273435
0.2241798400878906
0.07802925109863279

