0.1428791046142578
0.18913230895996092
0.43374977111816404
0.313348388671875
0.3252693176269531
0.24730644226074217
0.15408477783203123
0.09233436584472654
0.19700012207031248
0.2356239318847656
0.282830810546875
0.2909370422363281
0.19342384338378904
0.07874450683593748
0.15789947509765623
0.2070137023925781
0.29260597229003904
0.30261955261230467
0.06920776367187498
0.11259994506835935
0.2635189056396484
0.34028968811035154
0.06682357788085935
0.2000995635986328
0.328607177734375
0.10950050354003904
0.23228607177734373
0.07850608825683592

