0.13596496582031248
0.1772113800048828
0.43756446838378904
0.34911117553710935
0.3302761077880859
0.2470680236816406
0.15480003356933592
0.09138069152832029
0.20415267944335935
0.2382465362548828
0.290460205078125
0.25898895263671873
0.19700012207031248
0.08565864562988279
0.16409835815429685
0.1993843078613281
0.3016658782958984
0.30405006408691404
0.07993659973144529
0.11808357238769529
0.25684318542480467
0.33885917663574217
0.07063827514648435
0.20629844665527342
0.32503089904785154
0.11236152648925779
0.22632560729980467
0.0811286926269531

