0.14144859313964842
0.17387351989746092
0.4366107940673828
0.31930885314941404
0.32360038757324217
0.2439685821533203
0.15527687072753904
0.09805641174316404
0.20558319091796873
0.23872337341308592
0.2871223449707031
0.2654262542724609
0.23276290893554685
0.08232078552246092
0.16290626525878904
0.20272216796874998
0.29952011108398435
0.30261955261230467
0.07302246093749998
0.11999092102050779
0.25708160400390623
0.33504447937011717
0.0639625549316406
0.20057640075683592
0.3188320159912109
0.11093101501464842
0.22727928161621092
0.08661231994628904

