0.13000450134277342
0.17744979858398435
0.30905685424804685
0.32121620178222654
0.30023536682128904
0.19413909912109373
0.11450729370117185
0.06706199645996092
0.14717063903808592
0.21678886413574217
0.31048736572265623
0.259942626953125
0.18579444885253904
0.10449371337890623
0.14693222045898435
0.20296058654785154
0.2921291351318359
0.25374374389648435
0.05609474182128904
0.11712989807128904
0.2279945373535156
0.28163871765136717
0.06896934509277342
0.20105323791503904
0.25517425537109373
0.10520896911621092
0.20796737670898435
0.08017501831054685

