0.13572654724121092
0.17888031005859373
0.43994865417480467
0.3476806640625
0.32383880615234373
0.2451606750488281
0.15575370788574217
0.09328804016113279
0.1917549133300781
0.2382465362548828
0.2902217864990234
0.2928443908691406
0.19151649475097654
0.07945976257324217
0.15980682373046873
0.2089210510253906
0.298089599609375
0.29761276245117185
0.06873092651367185
0.12070617675781248
0.25445899963378904
0.336236572265625
0.06801567077636717
0.1962848663330078
0.32169303894042967
0.10473213195800779
0.22441825866699217
0.07993659973144529

