0.16409835815429685
0.17768821716308592
0.4313655853271484
0.34648857116699217
0.3328987121582031
0.24802169799804685
0.1555152893066406
0.09471855163574217
0.1974769592285156
0.23776969909667967
0.2814002990722656
0.26471099853515623
0.21798095703124998
0.0868507385253906
0.16076049804687498
0.2089210510253906
0.2921291351318359
0.29832801818847654
0.07016143798828123
0.11856040954589842
0.2515979766845703
0.34219703674316404
0.06491622924804685
0.19533119201660154
0.32383880615234373
0.11498413085937498
0.21869621276855467
0.0773139953613281

