0.14836273193359373
0.1848407745361328
0.4347034454345703
0.34601173400878904
0.3221698760986328
0.24301490783691404
0.15837631225585935
0.1002021789550781
0.1974769592285156
0.2325244903564453
0.28688392639160154
0.2592273712158203
0.19127807617187498
0.08017501831054685
0.15670738220214842
0.20844421386718748
0.2909370422363281
0.30095062255859373
0.06873092651367185
0.11236152648925779
0.24826011657714842
0.33766708374023435
0.06801567077636717
0.19390068054199217
0.32121620178222654
0.10902366638183592
0.2241798400878906
0.0792213439941406

