0.13501129150390623
0.18126449584960935
0.43827972412109373
0.34911117553710935
0.3240772247314453
0.2420612335205078
0.14574012756347654
0.10282478332519529
0.20272216796874998
0.23920021057128904
0.2909370422363281
0.2635189056396484
0.2184577941894531
0.0887580871582031
0.16409835815429685
0.2039142608642578
0.29499015808105467
0.3228851318359375
0.07302246093749998
0.11617622375488279
0.2561279296875
0.3381439208984375
0.06277046203613279
0.20558319091796873
0.32574615478515623
0.11283836364746092
500.8364387512207
0.08327445983886717

