0.1345344543457031
0.18555603027343748
0.43827972412109373
0.3457733154296875
0.32431564331054685
0.2439685821533203
0.1486011505126953
0.10163269042968748
0.19914588928222654
0.23991546630859373
0.2883144378662109
0.26375732421875
0.19485435485839842
0.08327445983886717
0.15909156799316404
0.20987472534179685
0.2928443908691406
0.3050037384033203
0.0696846008300781
0.11760673522949217
0.25302848815917967
0.34219703674316404
0.06801567077636717
0.19962272644042967
0.32479248046875
0.11426887512207029
0.22060356140136717
0.08184394836425779

