0.13668022155761717
0.18078765869140623
0.4366107940673828
0.3398128509521484
0.32431564331054685
0.2515979766845703
0.15480003356933592
0.09281120300292967
0.19413909912109373
0.23967704772949217
0.282830810546875
0.2566047668457031
0.19270858764648435
0.08518180847167967
0.15766105651855467
0.20820579528808592
0.2954669952392578
0.29689750671386717
0.09948692321777342
0.11474571228027342
0.2515979766845703
0.33337554931640623
0.06849250793457029
0.19509277343749998
0.3214546203613281
0.11283836364746092
0.22441825866699217
0.08255920410156248

