0.13596496582031248
0.22274932861328123
0.31668624877929685
0.3221698760986328
0.30714950561523435
0.19890747070312498
0.10640106201171873
0.08971176147460935
0.1505084991455078
0.20915946960449217
0.3023811340332031
0.2649494171142578
0.17554244995117185
0.10711631774902342
0.1428791046142578
0.2012916564941406
0.29499015808105467
0.22918663024902342
0.05871734619140623
0.11689147949218748
0.23800811767578123
0.2833076477050781
0.07016143798828123
0.20153007507324217
0.25708160400390623
0.10354003906249998
0.20629844665527342
0.07802925109863279

