0.1345344543457031
0.18174133300781248
0.43947181701660154
0.3457733154296875
0.32312355041503904
0.24301490783691404
0.1879402160644531
0.0963874816894531
0.20296058654785154
0.23681602478027342
0.28354606628417967
0.2577968597412109
0.19652328491210935
0.08422813415527342
0.16076049804687498
0.21058998107910154
0.2992816925048828
0.3038116455078125
0.07111511230468748
0.11808357238769529
0.2515979766845703
0.33313713073730467
0.06658515930175779
0.20105323791503904
0.3233619689941406
0.11236152648925779
0.22918663024902342
0.08279762268066404

