0.13191184997558592
0.18317184448242185
0.43684921264648435
0.3469654083251953
0.33075294494628904
0.24086914062499998
0.15646896362304685
0.10044059753417967
0.19914588928222654
0.2394386291503906
0.28998336791992185
0.2673336029052734
0.2229877471923828
0.08327445983886717
0.16076049804687498
0.21011314392089842
0.3023811340332031
0.29761276245117185
0.0811286926269531
0.11712989807128904
0.2580352783203125
0.3412433624267578
0.0734992980957031
0.19866905212402342
0.3245540618896484
0.11188468933105467
0.22394142150878904
0.08232078552246092

