0.13477287292480467
0.18007240295410154
0.4389949798583984
0.34863433837890623
0.32693824768066404
0.25445899963378904
0.15527687072753904
0.1040168762207031
0.19771537780761717
0.23776969909667967
0.28879127502441404
0.2592273712158203
0.2210803985595703
0.08804283142089842
0.16338310241699217
0.21702728271484373
0.2959438323974609
0.3016658782958984
0.0734992980957031
0.12285194396972654
0.25827369689941404
0.3393360137939453
0.07516822814941404
0.20081481933593748
0.32550773620605467
0.11021575927734373
0.22131881713867185
0.07993659973144529

