0.13381919860839842
0.1829334259033203
0.4296966552734375
0.336236572265625
0.3443428039550781
0.2825923919677734
0.15074691772460935
0.0925727844238281
0.1924701690673828
0.23538551330566404
0.28187713623046873
0.25898895263671873
0.19461593627929685
0.08422813415527342
0.15670738220214842
0.2051063537597656
0.2978511810302734
0.30524215698242185
0.07135353088378904
0.1402565002441406
0.2542205810546875
0.32884559631347654
0.16624412536621092
0.1936622619628906
0.3195472717285156
0.11236152648925779
0.2172657012939453
0.07802925109863279

