0.13572654724121092
0.17935714721679685
0.43637237548828123
0.34529647827148435
0.32932243347167967
0.2654262542724609
0.15527687072753904
0.09471855163574217
0.19914588928222654
0.23610076904296873
0.28759918212890623
0.26471099853515623
0.2299018859863281
0.08637390136718748
0.16171417236328123
0.20272216796874998
0.3016658782958984
0.30452690124511717
0.07063827514648435
0.11951408386230467
0.2542205810546875
0.3495880126953125
0.06753883361816404
0.19771537780761717
0.32383880615234373
0.10997734069824217
0.2287097930908203
0.07612190246582029

