0.1345344543457031
0.1803108215332031
0.43804130554199217
0.34672698974609373
0.3240772247314453
0.26709518432617185
0.17482719421386717
0.09662590026855467
0.20081481933593748
0.23467025756835935
0.2921291351318359
0.2580352783203125
0.22012672424316404
0.08089027404785154
0.16743621826171873
0.2096363067626953
0.29570541381835935
0.2997585296630859
0.07445297241210935
0.11617622375488279
0.25493583679199217
0.336236572265625
0.07397613525390623
0.19342384338378904
0.31740150451660154
0.10997734069824217
0.21750411987304685
0.0792213439941406

