0.13548812866210935
0.16838989257812498
0.435418701171875
0.3476806640625
0.33122978210449217
0.27353248596191404
0.15265426635742185
0.09710273742675779
0.19795379638671873
0.24086914062499998
0.2885528564453125
0.26590309143066404
0.2191730499267578
0.08661231994628904
0.16362152099609373
0.21035156249999998
0.2940364837646484
0.3038116455078125
0.07206878662109373
0.12165985107421873
0.2573200225830078
0.34219703674316404
0.07016143798828123
0.19771537780761717
0.34219703674316404
0.11522254943847654
0.22203407287597654
0.08351287841796873

