0.13310394287109373
0.17768821716308592
0.43565711975097654
0.34267387390136717
0.3297992706298828
0.2661415100097656
0.16171417236328123
0.09209594726562498
0.1993843078613281
0.2184577941894531
0.2921291351318359
0.26637992858886717
0.21798095703124998
0.07850608825683592
0.1619525909423828
0.20725212097167967
0.29832801818847654
0.30023536682128904
0.06896934509277342
0.12094459533691404
0.38487396240234373
0.33528289794921873
0.06467781066894529
0.19962272644042967
0.3228851318359375
0.10520896911621092
0.21702728271484373
0.0792213439941406

