0.13119659423828123
0.17864189147949217
0.4347034454345703
0.34291229248046873
0.3266998291015625
0.2749629974365234
0.15146217346191404
0.09400329589843748
0.1955696105957031
0.24158439636230467
0.28950653076171873
0.26137313842773435
0.21225891113281248
0.08255920410156248
0.14764747619628904
0.21416625976562498
0.29499015808105467
0.3004737854003906
0.07612190246582029
0.12356719970703123
0.25493583679199217
0.33909759521484373
0.06467781066894529
0.1981922149658203
0.34481964111328123
0.12785873413085935
0.22441825866699217
0.07755241394042967

