0.1383491516113281
0.1745887756347656
0.43374977111816404
0.3488727569580078
0.32550773620605467
0.26900253295898435
0.15527687072753904
0.09901008605957029
0.19676170349121092
0.23610076904296873
0.2890296936035156
0.26065788269042967
0.22370300292968748
0.08255920410156248
0.15837631225585935
0.20749053955078123
0.2916522979736328
0.30595741271972654
0.07516822814941404
0.11665306091308592
0.25636634826660154
0.33957443237304685
0.07039985656738279
0.19723854064941404
0.35483322143554685
0.10830841064453123
0.2260871887207031
0.08279762268066404

