0.13882598876953123
0.1745887756347656
0.43565711975097654
0.3431507110595703
0.328607177734375
0.26590309143066404
0.14883956909179685
0.09376487731933592
0.2012916564941406
0.23538551330566404
0.2840229034423828
0.2623268127441406
0.21964988708496092
0.0830360412597656
0.15384635925292967
0.20558319091796873
0.30261955261230467
0.3061958312988281
0.07111511230468748
0.12285194396972654
0.25183639526367185
0.336236572265625
0.06539306640624998
0.19103965759277342
0.34338912963867185
0.1116462707519531
0.22274932861328123
0.07945976257324217

