0.1409717559814453
0.17744979858398435
0.3107257843017578
0.3195472717285156
0.32884559631347654
0.19890747070312498
0.1135536193847656
0.06849250793457029
0.15265426635742185
0.2165504455566406
0.28378448486328123
0.26637992858886717
0.1733966827392578
0.08208236694335935
0.14645538330078123
0.20629844665527342
0.2973743438720703
0.2287097930908203
0.05156478881835935
0.1135536193847656
0.22394142150878904
0.2864070892333984
0.06706199645996092
0.19843063354492185
0.25827369689941404
0.11808357238769529
0.20915946960449217
0.08184394836425779

