0.13405761718749998
0.17005882263183592
0.30595741271972654
0.31740150451660154
0.3011890411376953
0.1962848663330078
0.10425529479980467
0.07063827514648435
0.15122375488281248
0.2165504455566406
0.30595741271972654
0.26018104553222654
0.17220458984374998
0.08375129699707029
0.1440711975097656
0.21058998107910154
0.2973743438720703
0.25183639526367185
0.05418739318847654
0.11689147949218748
0.2222724914550781
0.2814002990722656
0.07230720520019529
0.18197975158691404
0.26900253295898435
0.1059242248535156
0.20272216796874998
0.06896934509277342

