0.13501129150390623
0.17363510131835935
0.3112026214599609
0.31978569030761717
0.29427490234375
0.20081481933593748
0.10449371337890623
0.06157836914062498
0.14836273193359373
0.21178207397460935
0.3038116455078125
0.25827369689941404
0.1707740783691406
0.07421455383300779
0.1421638488769531
0.20224533081054685
0.29189071655273435
0.25183639526367185
0.05323371887207029
0.11283836364746092
0.22704086303710935
0.2840229034423828
0.07492980957031248
0.2020069122314453
0.2597042083740234
0.11593780517578123
0.21368942260742185
0.07636032104492185

