0.13167343139648435
0.17673454284667967
0.31239471435546873
0.32813034057617185
0.3035732269287109
0.19843063354492185
0.11093101501464842
0.11617622375488279
0.15575370788574217
0.2127357482910156
0.3073879241943359
0.26471099853515623
0.17411193847656248
0.08065185546874998
0.1421638488769531
0.20272216796874998
0.2985664367675781
0.2470680236816406
0.05609474182128904
0.11379203796386717
0.22346458435058592
0.282830810546875
0.06753883361816404
0.17506561279296873
0.2573200225830078
0.10878524780273435
0.21488151550292967
0.07516822814941404

