0.11784515380859373
0.17673454284667967
0.31978569030761717
0.3183551788330078
0.30023536682128904
0.19795379638671873
0.11021575927734373
0.09138069152832029
0.15074691772460935
0.21368942260742185
0.2806850433349609
0.2661415100097656
0.16719779968261717
0.07874450683593748
0.14931640624999998
0.2096363067626953
0.3042884826660156
0.25517425537109373
0.05776367187499998
0.12165985107421873
0.2337165832519531
0.2890296936035156
0.07492980957031248
0.17983398437499998
0.25898895263671873
0.11021575927734373
0.20629844665527342
0.08446655273437498

