0.14574012756347654
0.17315826416015623
0.3131099700927734
0.3150173187255859
0.30405006408691404
0.19533119201660154
0.10902366638183592
0.0925727844238281
0.15074691772460935
0.20939788818359373
0.3023811340332031
0.25684318542480467
0.16910514831542967
0.07779083251953123
0.15027008056640623
0.20677528381347654
0.2997585296630859
0.25517425537109373
0.055617904663085915
0.10878524780273435
0.23037872314453123
0.2890296936035156
0.07206878662109373
0.17554244995117185
0.2554126739501953
0.10687789916992185
0.20677528381347654
0.08279762268066404

