0.13739547729492185
0.18054924011230467
0.31930885314941404
0.31978569030761717
0.30476531982421873
0.20224533081054685
0.10878524780273435
0.07063827514648435
0.1536079406738281
0.2172657012939453
0.30333480834960935
0.2649494171142578
0.1733966827392578
0.08160552978515623
0.1421638488769531
0.20677528381347654
0.29332122802734373
0.24802169799804685
0.057525253295898415
0.11617622375488279
0.22823295593261717
0.28116188049316404
0.0734992980957031
0.2077289581298828
0.25135955810546873
0.10735473632812498
0.20939788818359373
0.0792213439941406

