0.13191184997558592
0.1764961242675781
0.31096420288085935
0.32240829467773435
0.3035732269287109
0.20248374938964842
0.10926208496093748
0.09543380737304685
0.14907798767089842
0.20987472534179685
0.3004737854003906
0.26018104553222654
0.17125091552734373
0.07683715820312498
0.14311752319335935
0.20486793518066404
0.2992816925048828
0.25112113952636717
0.05347213745117185
0.11474571228027342
0.22537193298339842
0.2821155548095703
0.07326087951660154
0.18388710021972654
0.252313232421875
0.1257129669189453
0.21392784118652342
0.08160552978515623

