0.13668022155761717
0.17601928710937498
0.305718994140625
0.32503089904785154
0.30142745971679685
0.19914588928222654
0.10663948059082029
0.09400329589843748
0.15837631225585935
0.24063072204589842
0.32479248046875
0.26471099853515623
0.17005882263183592
0.09185752868652342
0.14144859313964842
0.20296058654785154
0.3126331329345703
0.25517425537109373
0.04941902160644529
0.12142143249511717
0.23109397888183592
0.28545341491699217
0.06849250793457029
0.18889389038085935
0.2542205810546875
0.11116943359374998
0.20415267944335935
0.07206878662109373

