0.1307197570800781
0.17315826416015623
0.31239471435546873
0.32050094604492185
0.3016658782958984
0.19890747070312498
500.76515159606936
0.09686431884765623
0.1478858947753906
0.23538551330566404
0.30285797119140623
0.25898895263671873
0.16791305541992185
0.07779083251953123
0.14454803466796873
0.20534477233886717
0.298089599609375
0.24659118652343748
0.047034835815429665
0.10759315490722654
0.22322616577148435
0.28688392639160154
0.06730041503906248
0.17578086853027342
0.24611434936523435
0.1059242248535156
0.20749053955078123
0.07564506530761717

