0.13119659423828123
0.17768821716308592
0.31406364440917967
0.32193145751953123
0.30285797119140623
0.20057640075683592
0.1097389221191406
0.09090385437011717
0.1524158477783203
0.21559677124023435
0.301904296875
0.2585121154785156
0.16672096252441404
0.10187110900878904
0.14001808166503904
0.2070137023925781
0.29522857666015623
0.2496906280517578
0.05967102050781248
0.11951408386230467
0.23037872314453123
0.2852149963378906
0.062293624877929665
0.1764961242675781
0.2535053253173828
0.10640106201171873
0.20844421386718748
0.07969818115234373

