0.13763389587402342
0.17864189147949217
0.30858001708984373
0.320977783203125
0.30071220397949217
0.19223175048828123
0.10258636474609373
0.09519538879394529
0.14693222045898435
0.2299018859863281
0.29570541381835935
0.2527900695800781
0.1600452423095703
0.07802925109863279
0.14168701171874998
0.23872337341308592
0.29069862365722654
0.25946578979492185
0.059432601928710915
0.11498413085937498
0.2229877471923828
0.30834159851074217
0.0734992980957031
0.1745887756347656
0.2504058837890625
0.11140785217285154
0.20844421386718748
0.07969818115234373

