0.13811073303222654
0.17601928710937498
0.3081031799316406
0.31549415588378904
0.8748241424560548
0.2222724914550781
0.10473213195800779
0.08947334289550779
0.1440711975097656
0.23538551330566404
0.32765350341796873
0.25493583679199217
0.15289268493652342
0.07278404235839842
0.14264068603515623
0.1993843078613281
0.2921291351318359
0.24849853515624998
0.055617904663085915
0.12261352539062498
0.22632560729980467
0.28116188049316404
0.06849250793457029
0.18054924011230467
0.2566047668457031
0.10830841064453123
0.20248374938964842
0.07779083251953123

