0.13811073303222654
0.1707740783691406
0.31549415588378904
0.31668624877929685
0.29761276245117185
0.19223175048828123
0.11093101501464842
0.0963874816894531
0.14931640624999998
0.23800811767578123
0.3266998291015625
0.2558895111083984
0.17029724121093748
0.07492980957031248
0.14264068603515623
0.20820579528808592
0.29189071655273435
0.25374374389648435
0.05204162597656248
0.11951408386230467
0.2203651428222656
0.30595741271972654
0.06706199645996092
0.1764961242675781
0.2470680236816406
0.10568580627441404
0.20272216796874998
0.1040168762207031

