0.13238868713378904
0.17315826416015623
0.31215629577636717
0.3183551788330078
0.3011890411376953
0.19652328491210935
0.10830841064453123
0.09042701721191404
0.1505084991455078
0.23681602478027342
0.2985664367675781
0.25493583679199217
0.17482719421386717
0.08208236694335935
0.14335594177246092
0.20868263244628904
0.29499015808105467
0.25517425537109373
0.05680999755859373
0.11045417785644529
0.23085556030273435
0.30405006408691404
0.07516822814941404
0.1772113800048828
0.2554126739501953
0.1040168762207031
0.20486793518066404
0.08327445983886717

