0.13501129150390623
0.17768821716308592
0.3145404815673828
0.31668624877929685
0.3038116455078125
0.19461593627929685
0.10926208496093748
0.08947334289550779
0.1466938018798828
0.2432533264160156
0.30667266845703123
0.26208839416503904
0.1695819854736328
0.08184394836425779
0.14645538330078123
0.2153583526611328
0.30476531982421873
0.2508827209472656
0.05323371887207029
0.14001808166503904
0.22704086303710935
0.30595741271972654
0.07588348388671873
0.17554244995117185
0.25827369689941404
0.10425529479980467
0.2070137023925781
0.0811286926269531

