0.14121017456054685
0.17625770568847654
0.30834159851074217
0.31811676025390623
0.3081031799316406
0.19795379638671873
0.11665306091308592
0.09614906311035154
0.1517005920410156
0.2394386291503906
0.32002410888671873
0.26065788269042967
0.17196617126464842
0.07993659973144529
0.14240226745605467
0.20248374938964842
0.2961822509765625
0.25445899963378904
0.052756881713867165
0.11760673522949217
0.22704086303710935
0.3073879241943359
0.0696846008300781
0.18007240295410154
0.25183639526367185
0.11259994506835935
0.20296058654785154
0.07612190246582029

