0.14144859313964842
0.17601928710937498
0.3145404815673828
0.31740150451660154
0.30452690124511717
0.20081481933593748
0.11021575927734373
0.09543380737304685
0.15384635925292967
0.23419342041015623
0.3266998291015625
0.26375732421875
0.17029724121093748
0.0830360412597656
0.14526329040527342
0.20558319091796873
0.29952011108398435
0.2542205810546875
0.06110153198242185
0.11593780517578123
0.22632560729980467
0.3145404815673828
0.07039985656738279
0.17411193847656248
0.25255165100097654
0.11283836364746092
0.20844421386718748
0.10544738769531248

