0.13429603576660154
0.1772113800048828
0.3271766662597656
0.31787834167480467
0.30214271545410154
0.19914588928222654
0.11116943359374998
0.08899650573730467
0.1466938018798828
0.23157081604003904
0.3228851318359375
0.2580352783203125
0.16433677673339842
0.08375129699707029
0.14359436035156248
0.20415267944335935
0.2916522979736328
0.2692409515380859
0.05728683471679685
0.1116462707519531
0.22537193298339842
0.30142745971679685
0.07063827514648435
0.17959556579589842
0.2592273712158203
0.10830841064453123
0.20915946960449217
0.08351287841796873

