0.12928924560546873
0.1726814270019531
0.31477890014648435
0.31811676025390623
0.30333480834960935
0.20248374938964842
0.11307678222656248
0.09495697021484373
0.17697296142578123
0.23967704772949217
0.30643424987792967
0.25636634826660154
0.17029724121093748
0.07445297241210935
0.14192543029785154
0.20248374938964842
0.29570541381835935
0.25326690673828123
0.0506111145019531
0.11259994506835935
0.22847137451171873
0.3088184356689453
0.06658515930175779
0.17554244995117185
0.2489753723144531
0.11021575927734373
0.20272216796874998
0.08232078552246092

