0.13572654724121092
0.17411193847656248
0.3150173187255859
0.3214546203613281
0.3054805755615234
0.19270858764648435
0.1040168762207031
0.09209594726562498
0.15527687072753904
0.24420700073242185
0.32884559631347654
0.2597042083740234
0.1714893341064453
0.07564506530761717
0.13977966308593748
0.20486793518066404
0.30071220397949217
0.24682960510253904
0.04465065002441404
0.10759315490722654
0.21774253845214842
0.3004737854003906
0.05871734619140623
0.17029724121093748
0.24992904663085935
0.1002021789550781
0.1981922149658203
0.07016143798828123

