0.12785873413085935
0.1764961242675781
0.3100105285644531
0.32431564331054685
0.3011890411376953
0.20105323791503904
0.11093101501464842
0.09781799316406248
0.17196617126464842
0.24301490783691404
0.31096420288085935
0.2642341613769531
0.16910514831542967
0.08232078552246092
0.14717063903808592
0.2070137023925781
0.29260597229003904
0.25135955810546873
0.05800209045410154
0.1154609680175781
0.2318092346191406
0.31096420288085935
0.06849250793457029
0.18007240295410154
0.2592273712158203
0.10830841064453123
0.2089210510253906
0.07898292541503904

