0.13191184997558592
0.1726814270019531
0.3171630859375
0.3221698760986328
0.29904327392578123
0.20176849365234373
0.10830841064453123
0.09543380737304685
0.17554244995117185
0.24110755920410154
0.3050037384033203
0.2592273712158203
0.1726814270019531
0.08208236694335935
0.14693222045898435
0.2039142608642578
0.2923675537109375
0.25112113952636717
0.09304962158203123
0.11307678222656248
0.22942504882812498
0.31167945861816404
0.07039985656738279
0.17482719421386717
0.2554126739501953
0.1059242248535156
0.20844421386718748
0.10377845764160154

