0.1371570587158203
0.18054924011230467
0.30977210998535154
0.3119178771972656
0.30142745971679685
0.19986114501953123
0.10616264343261717
0.0887580871582031
0.17363510131835935
0.2356239318847656
0.2992816925048828
0.25493583679199217
0.16862831115722654
0.07588348388671873
0.1409717559814453
0.20844421386718748
0.2959438323974609
0.24992904663085935
0.05514106750488279
0.11903724670410154
0.22751770019531248
0.3107257843017578
0.07016143798828123
0.1745887756347656
0.2496906280517578
0.11307678222656248
0.2039142608642578
0.10139427185058592

