0.13811073303222654
0.17244300842285154
0.31549415588378904
0.3264614105224609
0.3038116455078125
0.19914588928222654
0.10950050354003904
0.09209594726562498
0.17935714721679685
0.2394386291503906
0.29904327392578123
0.25875053405761717
0.1676746368408203
0.07993659973144529
0.14693222045898435
0.20248374938964842
0.2985664367675781
0.25374374389648435
0.05800209045410154
0.11689147949218748
0.22727928161621092
0.30643424987792967
0.0677772521972656
0.17864189147949217
0.2725788116455078
0.10830841064453123
0.20796737670898435
0.07659873962402342

