0.1307197570800781
0.17411193847656248
0.30476531982421873
0.3202625274658203
0.3073879241943359
0.19652328491210935
0.11093101501464842
0.09281120300292967
0.17601928710937498
0.2382465362548828
0.3035732269287109
0.26328048706054685
0.1688667297363281
0.07421455383300779
0.14192543029785154
0.21440467834472654
0.2897449493408203
0.2535053253173828
0.056571578979492165
0.1135536193847656
0.23014030456542967
0.3145404815673828
0.3336139678955078
0.17673454284667967
0.27901611328125
0.10950050354003904
0.21202049255371092
0.1040168762207031

