0.13548812866210935
0.17220458984374998
0.31430206298828123
0.32050094604492185
0.30142745971679685
0.1974769592285156
0.11426887512207029
0.09304962158203123
0.1791187286376953
0.23967704772949217
0.3264614105224609
0.2561279296875
0.1657672882080078
0.0792213439941406
0.1466938018798828
0.20439109802246092
0.28998336791992185
0.27543983459472654
0.051803207397460915
0.11617622375488279
0.22918663024902342
0.3114410400390625
0.06944618225097654
0.17959556579589842
0.25112113952636717
0.10997734069824217
0.21058998107910154
0.10544738769531248

