0.13954124450683592
0.17601928710937498
0.3119178771972656
0.3195472717285156
0.30023536682128904
0.1993843078613281
0.10806999206542967
0.09710273742675779
0.1772113800048828
0.24086914062499998
0.3259845733642578
0.2592273712158203
0.16481361389160154
0.08351287841796873
0.14144859313964842
0.21058998107910154
0.29332122802734373
0.3386207580566406
0.05299530029296873
0.11832199096679685
0.2248950958251953
0.3092952728271484
0.06896934509277342
0.1714893341064453
0.2821155548095703
0.11379203796386717
0.20987472534179685
0.10616264343261717

