0.10926208496093748
0.17196617126464842
0.28807601928710935
0.2890296936035156
0.29880485534667967
0.19866905212402342
0.11093101501464842
0.06658515930175779
0.1543231964111328
0.21869621276855467
0.3061958312988281
0.26089630126953123
0.17172775268554685
0.07683715820312498
0.14454803466796873
0.20486793518066404
0.29499015808105467
0.22584877014160154
0.05990943908691404
0.11784515380859373
0.2580352783203125
0.2883144378662109
0.06825408935546873
0.1962848663330078
0.26018104553222654
0.08661231994628904
0.19223175048828123
0.08160552978515623

