0.13620338439941404
0.18341026306152342
0.3150173187255859
0.3171630859375
0.30071220397949217
0.20224533081054685
0.10830841064453123
0.10163269042968748
0.1764961242675781
0.24468383789062498
0.3088184356689453
0.26089630126953123
0.1733966827392578
0.08446655273437498
0.14550170898437498
0.20987472534179685
0.30095062255859373
0.28688392639160154
0.0563331604003906
0.12022933959960935
0.22894821166992185
0.3100105285644531
0.06658515930175779
0.17101249694824217
0.2749629974365234
0.10926208496093748
0.20606002807617185
0.1021095275878906

