0.16338310241699217
0.1764961242675781
0.31215629577636717
0.32240829467773435
0.30023536682128904
0.19342384338378904
0.10926208496093748
0.09376487731933592
0.17935714721679685
0.23991546630859373
0.30333480834960935
0.2654262542724609
500.73606452941897
0.08756599426269529
0.14907798767089842
0.21225891113281248
0.29522857666015623
0.25374374389648435
0.056571578979492165
0.11641464233398435
0.22537193298339842
0.3183551788330078
0.06443939208984373
0.18317184448242185
0.30095062255859373
0.1116462707519531
0.20367584228515623
0.1021095275878906

