0.15885314941406248
0.17697296142578123
0.31096420288085935
0.32574615478515623
0.2961822509765625
0.19652328491210935
0.10830841064453123
0.09519538879394529
0.17888031005859373
0.23872337341308592
0.3252693176269531
0.2618499755859375
0.16457519531249998
0.08041343688964842
0.14359436035156248
0.20486793518066404
0.29761276245117185
0.28116188049316404
0.05204162597656248
0.11784515380859373
0.22942504882812498
0.3061958312988281
0.06610832214355467
0.18269500732421873
0.2737709045410156
0.10997734069824217
0.20176849365234373
0.09734115600585935

