0.13215026855468748
0.17053565979003904
0.30524215698242185
0.32383880615234373
0.2999969482421875
0.19914588928222654
0.10544738769531248
0.09185752868652342
0.17554244995117185
0.24039230346679685
0.3073879241943359
0.2580352783203125
0.16433677673339842
0.14311752319335935
0.14931640624999998
0.19771537780761717
0.2847381591796875
0.26900253295898435
0.0429817199707031
0.10830841064453123
0.21678886413574217
0.2961822509765625
0.08279762268066404
0.17029724121093748
0.24349174499511717
0.09614906311035154
0.20415267944335935
0.09161911010742185

