0.13477287292480467
0.17864189147949217
0.31620941162109373
0.3221698760986328
0.30405006408691404
0.20033798217773435
0.10902366638183592
0.08828124999999998
0.17601928710937498
0.23419342041015623
0.32741508483886717
0.2580352783203125
0.16743621826171873
0.07516822814941404
0.14717063903808592
0.20343742370605467
0.29308280944824217
0.24659118652343748
0.05776367187499998
0.11522254943847654
0.23014030456542967
0.3076263427734375
0.06634674072265623
0.1733966827392578
0.27424774169921873
0.10711631774902342
0.20987472534179685
0.1002021789550781

