0.11689147949218748
0.17554244995117185
0.28736076354980467
0.2923675537109375
0.3023811340332031
0.19962272644042967
0.10616264343261717
0.06539306640624998
0.14526329040527342
0.21225891113281248
0.30643424987792967
0.2592273712158203
0.1669593811035156
0.06157836914062498
0.14693222045898435
0.2077289581298828
0.29260597229003904
0.23085556030273435
0.05347213745117185
0.1192756652832031
0.28235397338867185
0.28497657775878904
0.06944618225097654
0.20272216796874998
0.25636634826660154
0.08160552978515623
0.1848407745361328
0.07802925109863279

