0.13024291992187498
0.17506561279296873
0.3114410400390625
0.32121620178222654
0.30095062255859373
0.1962848663330078
0.1619525909423828
0.09567222595214842
0.1733966827392578
0.23395500183105467
0.32741508483886717
0.2611347198486328
0.1695819854736328
0.07969818115234373
0.1421638488769531
0.2070137023925781
0.2916522979736328
0.2814002990722656
0.05108795166015623
0.12046775817871092
0.2279945373535156
0.30643424987792967
0.06706199645996092
0.18007240295410154
0.27615509033203123
0.11140785217285154
0.20987472534179685
0.1002021789550781

