0.1390644073486328
0.17983398437499998
0.31358680725097654
0.3214546203613281
0.30643424987792967
0.21869621276855467
0.11069259643554685
0.0925727844238281
0.17768821716308592
0.2616115570068359
0.3348060607910156
0.2592273712158203
0.17315826416015623
0.07945976257324217
0.14049491882324217
0.21178207397460935
0.2959438323974609
0.27901611328125
0.0582405090332031
0.11569938659667967
0.22847137451171873
0.31048736572265623
0.07254562377929685
0.17578086853027342
0.27090988159179685
0.10830841064453123
0.21178207397460935
0.1021095275878906

