0.13381919860839842
0.1753040313720703
0.3157325744628906
0.32240829467773435
0.29880485534667967
0.20153007507324217
0.10854682922363279
0.11903724670410154
0.17387351989746092
0.2356239318847656
0.32312355041503904
0.25827369689941404
0.16719779968261717
0.07969818115234373
0.16743621826171873
0.20629844665527342
0.2973743438720703
0.2802082061767578
0.04941902160644529
0.11856040954589842
0.2306171417236328
0.3092952728271484
0.0963874816894531
0.17435035705566404
0.2706714630126953
0.10926208496093748
0.20629844665527342
0.10067901611328123

