0.13358078002929685
0.17435035705566404
0.3107257843017578
0.2935596466064453
0.30714950561523435
0.1917549133300781
0.10735473632812498
0.09686431884765623
0.17435035705566404
0.23514709472656248
0.33194503784179685
0.26089630126953123
0.17101249694824217
0.07826766967773435
0.14264068603515623
0.2039142608642578
0.28950653076171873
0.28378448486328123
0.05680999755859373
0.11307678222656248
0.22561035156249998
0.30858001708984373
0.0677772521972656
0.19700012207031248
0.27782402038574217
0.1135536193847656
0.20606002807617185
0.10568580627441404

