0.1364418029785156
0.17888031005859373
0.3150173187255859
0.3150173187255859
0.3023811340332031
0.21607360839843748
0.10187110900878904
0.09877166748046873
0.17983398437499998
0.24086914062499998
0.32932243347167967
0.2592273712158203
0.16719779968261717
0.07779083251953123
0.14550170898437498
0.20367584228515623
0.29832801818847654
0.28163871765136717
0.047988510131835915
0.11760673522949217
0.2248950958251953
0.30595741271972654
0.06610832214355467
0.20057640075683592
0.2732940673828125
0.10878524780273435
0.20629844665527342
0.10044059753417967

