0.1364418029785156
0.1784034729003906
0.33385238647460935
0.3252693176269531
0.29832801818847654
0.19890747070312498
0.13048133850097654
0.09686431884765623
0.18126449584960935
0.23872337341308592
0.3107257843017578
0.26471099853515623
0.19342384338378904
0.08351287841796873
0.14264068603515623
0.2012916564941406
0.298089599609375
0.282830810546875
0.052756881713867165
0.11522254943847654
0.22847137451171873
0.30524215698242185
0.0734992980957031
0.19843063354492185
0.27901611328125
0.11259994506835935
0.20987472534179685
0.11021575927734373

