0.1333423614501953
0.17816505432128904
0.3171630859375
0.3214546203613281
0.3011890411376953
0.2012916564941406
0.1097389221191406
0.09352645874023435
0.19461593627929685
0.23610076904296873
0.3069110870361328
0.2883144378662109
0.19485435485839842
0.07898292541503904
0.14931640624999998
0.21821937561035154
0.2954669952392578
0.28044662475585935
0.055617904663085915
0.12142143249511717
0.2279945373535156
0.31167945861816404
0.07397613525390623
0.20343742370605467
0.2694793701171875
0.10711631774902342
0.20677528381347654
0.10187110900878904

