0.13095817565917967
0.1791187286376953
0.33719024658203123
0.31978569030761717
0.29761276245117185
0.22179565429687498
0.1543231964111328
0.09757957458496092
0.17387351989746092
0.23800811767578123
0.313348388671875
0.2618499755859375
0.19199333190917967
0.07636032104492185
0.13930282592773435
0.2108283996582031
0.2890296936035156
0.2794929504394531
0.05418739318847654
0.1192756652832031
0.21774253845214842
0.3100105285644531
0.06634674072265623
0.20343742370605467
0.2763935089111328
0.11641464233398435
0.22274932861328123
0.10449371337890623

