0.13191184997558592
0.17435035705566404
0.3343292236328125
0.3190704345703125
0.2973743438720703
0.2191730499267578
0.13048133850097654
0.0944801330566406
0.17435035705566404
0.23419342041015623
0.3050037384033203
0.25755844116210935
0.18507919311523435
0.08160552978515623
0.14454803466796873
0.20415267944335935
0.29069862365722654
0.28163871765136717
0.051803207397460915
0.11188468933105467
0.22584877014160154
0.3081031799316406
0.06992301940917967
0.20439109802246092
0.2737709045410156
0.1097389221191406
0.2000995635986328
0.10234794616699217

