0.1402565002441406
0.1803108215332031
0.3398128509521484
0.31668624877929685
0.2992816925048828
0.20057640075683592
0.13548812866210935
0.08804283142089842
0.1726814270019531
0.23300132751464842
0.32956085205078123
0.2833076477050781
0.19413909912109373
0.07850608825683592
0.14621696472167967
0.20844421386718748
0.2973743438720703
0.30858001708984373
0.05299530029296873
0.11021575927734373
0.2616115570068359
0.30714950561523435
0.06348571777343748
0.2012916564941406
0.2699562072753906
0.10902366638183592
0.20462951660156248
0.10306320190429685

