0.13286552429199217
0.17935714721679685
0.33504447937011717
0.3214546203613281
0.2966590881347656
0.22370300292968748
0.12976608276367185
0.09185752868652342
0.1753040313720703
0.2363391876220703
0.3069110870361328
0.2630420684814453
0.19032440185546873
0.07707557678222654
0.14526329040527342
0.20558319091796873
0.2978511810302734
0.27353248596191404
0.056571578979492165
0.11426887512207029
0.2489753723144531
0.305718994140625
0.06849250793457029
0.19962272644042967
0.2771087646484375
0.10830841064453123
0.20677528381347654
0.10449371337890623

