0.13358078002929685
0.3863044738769531
0.3398128509521484
0.32121620178222654
0.2954669952392578
0.21964988708496092
0.13501129150390623
0.09686431884765623
0.1688667297363281
0.2432533264160156
0.3069110870361328
0.26256523132324217
0.19127807617187498
0.07969818115234373
0.14693222045898435
0.20486793518066404
0.29141387939453123
0.27925453186035154
0.05514106750488279
0.12046775817871092
0.22513351440429685
0.30905685424804685
0.06610832214355467
0.19890747070312498
0.2768703460693359
0.10663948059082029
0.2096363067626953
0.1040168762207031

