0.1307197570800781
0.1772113800048828
0.33885917663574217
0.32002410888671873
0.2961822509765625
0.22394142150878904
0.1345344543457031
0.09543380737304685
0.17363510131835935
0.23681602478027342
0.28306922912597654
0.28879127502441404
0.19485435485839842
0.08398971557617185
0.1459785461425781
0.2058216094970703
0.29832801818847654
0.32002410888671873
0.05585632324218748
0.11712989807128904
0.24992904663085935
0.31096420288085935
0.06873092651367185
0.19580802917480467
500.7909008026123
0.11760673522949217
0.2115436553955078
0.10377845764160154

