0.1333423614501953
0.1733966827392578
0.3343292236328125
0.3152557373046875
0.3016658782958984
0.22012672424316404
0.13286552429199217
0.09757957458496092
0.17244300842285154
0.23586235046386717
0.3030963897705078
0.26137313842773435
0.19509277343749998
0.07945976257324217
0.1440711975097656
0.20033798217773435
501.79941139221194
0.2883144378662109
0.05776367187499998
0.11712989807128904
0.22966346740722654
0.3050037384033203
0.07492980957031248
0.19723854064941404
0.2756782531738281
0.11093101501464842
0.21225891113281248
0.10282478332519529

