0.13954124450683592
0.1772113800048828
0.33146820068359373
0.32503089904785154
0.30023536682128904
0.22537193298339842
0.13429603576660154
0.09662590026855467
0.18054924011230467
0.2394386291503906
0.30405006408691404
0.28688392639160154
0.22537193298339842
0.08279762268066404
0.13811073303222654
0.20439109802246092
0.29069862365722654
0.27973136901855467
0.05585632324218748
0.11403045654296873
0.252313232421875
0.3112026214599609
0.06300888061523435
0.2051063537597656
0.27353248596191404
0.11212310791015623
0.22751770019531248
0.12547454833984373

