0.13286552429199217
0.17864189147949217
0.28950653076171873
0.3228851318359375
0.3004737854003906
0.19723854064941404
0.1078315734863281
0.06300888061523435
0.15098533630371092
0.2191730499267578
0.30142745971679685
0.25875053405761717
0.17196617126464842
0.10878524780273435
0.14907798767089842
0.21035156249999998
0.30142745971679685
0.21988830566406248
0.05347213745117185
0.12046775817871092
0.25302848815917967
0.28306922912597654
0.07254562377929685
0.20081481933593748
0.2561279296875
0.08542022705078123
0.17864189147949217
0.08422813415527342

