0.13477287292480467
0.17578086853027342
0.34291229248046873
0.320977783203125
0.2992816925048828
0.21225891113281248
0.13286552429199217
0.09400329589843748
0.17411193847656248
0.2356239318847656
0.30452690124511717
0.28044662475585935
0.19795379638671873
0.07874450683593748
0.14264068603515623
0.2115436553955078
0.298089599609375
0.2940364837646484
0.05990943908691404
0.10997734069824217
0.25636634826660154
0.31096420288085935
0.07636032104492185
0.20629844665527342
0.27663192749023435
0.11498413085937498
0.2401538848876953
0.12666664123535154

