0.13691864013671873
0.17435035705566404
0.3336139678955078
0.32193145751953123
0.3114410400390625
0.2203651428222656
0.13811073303222654
0.09734115600585935
0.17053565979003904
0.2337165832519531
0.30667266845703123
0.2618499755859375
0.19413909912109373
0.07874450683593748
0.13954124450683592
0.20486793518066404
0.29642066955566404
0.2771087646484375
0.05800209045410154
0.11689147949218748
0.2306171417236328
0.3081031799316406
0.06706199645996092
0.19914588928222654
0.2749629974365234
0.11021575927734373
0.2344318389892578
0.12523612976074217

