0.13572654724121092
0.1745887756347656
0.33695182800292967
0.3190704345703125
0.30333480834960935
0.22179565429687498
0.12928924560546873
0.09495697021484373
0.17816505432128904
0.24182281494140623
0.31167945861816404
0.27996978759765623
0.17959556579589842
0.06610832214355467
0.13000450134277342
0.1936622619628906
0.28879127502441404
0.26900253295898435
0.04584274291992185
0.10878524780273435
0.22251091003417967
0.30071220397949217
0.05776367187499998
0.18817863464355467
0.26399574279785154
0.10306320190429685
0.22584877014160154
0.12428245544433592

