0.14001808166503904
0.17625770568847654
0.3328987121582031
0.3195472717285156
0.30452690124511717
0.21631202697753904
0.13620338439941404
0.09710273742675779
0.17792663574218748
0.23681602478027342
0.31477890014648435
0.28163871765136717
0.1905628204345703
0.07802925109863279
0.1650520324707031
0.20820579528808592
0.29379806518554685
0.27663192749023435
0.05895576477050779
0.11379203796386717
0.25112113952636717
0.2999969482421875
0.07063827514648435
0.19795379638671873
0.27663192749023435
0.11069259643554685
0.22942504882812498
0.12332878112792967

