0.13310394287109373
0.18126449584960935
0.3340908050537109
0.3214546203613281
0.3016658782958984
0.21750411987304685
0.13739547729492185
0.09495697021484373
0.1714893341064453
0.23276290893554685
0.30858001708984373
0.2966590881347656
0.19127807617187498
0.07993659973144529
0.1421638488769531
0.20653686523437498
0.29952011108398435
0.27353248596191404
0.05871734619140623
0.11259994506835935
0.22942504882812498
0.3112026214599609
0.06801567077636717
0.1962848663330078
0.27210197448730467
0.11045417785644529
0.23848495483398435
0.12189826965332029

