0.13882598876953123
0.17506561279296873
0.33695182800292967
0.32312355041503904
0.2999969482421875
0.22370300292968748
0.1307197570800781
0.08971176147460935
0.18007240295410154
0.23896179199218748
0.3112026214599609
0.29069862365722654
0.1917549133300781
0.07993659973144529
0.14740905761718748
0.20248374938964842
0.2923675537109375
0.27424774169921873
0.052756881713867165
0.11665306091308592
0.2623268127441406
0.30858001708984373
0.06658515930175779
0.20153007507324217
0.2756782531738281
0.10854682922363279
0.23133239746093748
0.12380561828613279

