0.13763389587402342
0.1753040313720703
0.33313713073730467
0.3164478302001953
0.2999969482421875
0.21368942260742185
0.13548812866210935
0.0887580871582031
0.17768821716308592
0.2401538848876953
0.29117546081542967
0.29141387939453123
0.20868263244628904
0.0773139953613281
0.14144859313964842
0.20796737670898435
0.29642066955566404
0.28378448486328123
0.053710556030273415
0.11188468933105467
0.2508827209472656
0.31239471435546873
0.09924850463867185
0.19795379638671873
0.2783008575439453
0.10854682922363279
0.23538551330566404
0.10425529479980467

