0.13620338439941404
0.17888031005859373
0.33647499084472654
0.3171630859375
0.3035732269287109
0.21893463134765623
0.1371570587158203
0.08971176147460935
0.17315826416015623
0.23157081604003904
0.30905685424804685
0.282830810546875
0.1860328674316406
0.07993659973144529
0.1371570587158203
0.2051063537597656
0.2935596466064453
0.27901611328125
0.04846534729003904
0.11498413085937498
0.2504058837890625
0.3035732269287109
0.0601478576660156
0.19843063354492185
0.2744861602783203
0.11403045654296873
0.23109397888183592
0.12857398986816404

