0.19676170349121092
0.17744979858398435
0.33194503784179685
0.3190704345703125
0.29713592529296873
0.2134510040283203
0.12714347839355467
0.0925727844238281
0.1733966827392578
0.23705444335937498
0.30977210998535154
0.28950653076171873
0.19199333190917967
0.08041343688964842
0.14764747619628904
0.20367584228515623
0.29713592529296873
0.2833076477050781
0.058478927612304665
0.12189826965332029
0.2558895111083984
0.30595741271972654
0.0696846008300781
0.20462951660156248
0.27734718322753904
0.10902366638183592
0.23467025756835935
0.10044059753417967

