0.14121017456054685
0.17506561279296873
0.2883144378662109
0.32383880615234373
0.3081031799316406
0.19652328491210935
0.10997734069824217
0.0639625549316406
0.15336952209472654
0.22251091003417967
0.28163871765136717
0.25875053405761717
0.16743621826171873
0.15027008056640623
0.1478858947753906
0.21178207397460935
0.29832801818847654
0.22727928161621092
0.05680999755859373
0.1211830139160156
0.24921379089355467
0.2775856018066406
0.07016143798828123
0.20081481933593748
0.25636634826660154
0.11069259643554685
0.18078765869140623
0.08279762268066404

