0.13763389587402342
0.17959556579589842
0.3660388946533203
0.3171630859375
0.30476531982421873
0.21964988708496092
0.13238868713378904
0.09567222595214842
0.20105323791503904
0.24277648925781248
0.2809234619140625
0.2864070892333984
0.19413909912109373
0.08089027404785154
0.13858757019042967
0.2070137023925781
0.3054805755615234
0.27782402038574217
0.05776367187499998
0.11832199096679685
0.2630420684814453
0.3100105285644531
0.07230720520019529
0.2020069122314453
0.2718635559082031
0.1154609680175781
0.24182281494140623
0.14335594177246092

