0.14049491882324217
0.18269500732421873
0.33838233947753904
0.32312355041503904
0.30261955261230467
0.21488151550292967
0.1364418029785156
0.09209594726562498
0.20176849365234373
0.23681602478027342
0.2864070892333984
0.28759918212890623
0.19127807617187498
0.07850608825683592
0.14192543029785154
0.20939788818359373
0.29832801818847654
0.2725788116455078
0.04775009155273435
0.10926208496093748
0.2566047668457031
0.30905685424804685
0.07111511230468748
0.20176849365234373
0.30595741271972654
0.10830841064453123
0.23848495483398435
0.10425529479980467

