0.13596496582031248
0.1784034729003906
0.33122978210449217
0.3176399230957031
0.29880485534667967
0.2146430969238281
0.13739547729492185
0.09853324890136717
0.20176849365234373
0.24110755920410154
0.2864070892333984
0.28569183349609373
0.18913230895996092
0.07659873962402342
0.1447864532470703
0.20987472534179685
0.30142745971679685
0.2787776947021484
0.05228004455566404
0.1657672882080078
0.252313232421875
0.3131099700927734
0.07111511230468748
0.19676170349121092
0.2706714630126953
0.11021575927734373
0.23276290893554685
0.10306320190429685

