0.13811073303222654
0.1695819854736328
0.3367134094238281
0.32312355041503904
0.30071220397949217
0.22632560729980467
0.13238868713378904
0.09686431884765623
0.20081481933593748
0.23705444335937498
0.2852149963378906
0.2825923919677734
0.19103965759277342
0.08613548278808592
0.1447864532470703
0.20796737670898435
0.2973743438720703
0.2802082061767578
0.05156478881835935
0.11903724670410154
0.25302848815917967
0.305718994140625
0.06896934509277342
0.19962272644042967
0.27806243896484373
0.10711631774902342
0.22966346740722654
0.10067901611328123

