0.12928924560546873
0.18174133300781248
0.3386207580566406
0.3252693176269531
0.3061958312988281
0.22012672424316404
0.13095817565917967
0.09948692321777342
0.20248374938964842
0.2363391876220703
0.2897449493408203
0.28950653076171873
0.1898475646972656
0.0792213439941406
0.14168701171874998
0.21416625976562498
0.2928443908691406
0.2821155548095703
0.04846534729003904
0.12094459533691404
0.25636634826660154
0.336236572265625
0.06277046203613279
0.20439109802246092
0.2775856018066406
0.10640106201171873
0.23323974609374998
0.10187110900878904

