0.13763389587402342
0.17411193847656248
0.33838233947753904
0.3145404815673828
0.31024894714355467
0.2210803985595703
0.13310394287109373
0.12165985107421873
0.20462951660156248
0.2375312805175781
0.3138252258300781
0.28879127502441404
0.19151649475097654
0.09567222595214842
0.14359436035156248
0.20606002807617185
0.29499015808105467
0.2806850433349609
0.05108795166015623
0.11903724670410154
0.2539821624755859
0.30834159851074217
0.06992301940917967
0.1974769592285156
0.27663192749023435
0.11617622375488279
0.23300132751464842
0.10044059753417967

