0.1326271057128906
0.17291984558105467
0.3367134094238281
0.31859359741210935
0.2985664367675781
0.21988830566406248
0.13191184997558592
0.09281120300292967
0.20033798217773435
0.26018104553222654
0.28044662475585935
0.28759918212890623
0.18960914611816404
0.0773139953613281
0.1440711975097656
0.2077289581298828
0.2940364837646484
0.28378448486328123
0.05228004455566404
0.12022933959960935
0.2542205810546875
0.31048736572265623
0.07230720520019529
0.19509277343749998
0.3004737854003906
0.1078315734863281
0.2325244903564453
0.09757957458496092

