0.13381919860839842
0.18841705322265623
0.3622241973876953
0.32693824768066404
0.30214271545410154
0.21893463134765623
0.13739547729492185
0.08184394836425779
0.20296058654785154
0.23681602478027342
0.2859302520751953
0.28187713623046873
0.18746337890624998
0.08542022705078123
0.14192543029785154
0.20415267944335935
0.2928443908691406
0.2744861602783203
0.05895576477050779
0.11712989807128904
0.21321258544921873
0.30023536682128904
0.07111511230468748
0.20534477233886717
0.28497657775878904
0.10520896911621092
0.22942504882812498
0.10163269042968748

