0.13763389587402342
0.17625770568847654
0.39107284545898435
0.31406364440917967
0.3038116455078125
0.2172657012939453
0.1326271057128906
0.09114227294921873
0.19604644775390623
0.23705444335937498
0.2897449493408203
0.28807601928710935
0.19151649475097654
0.07945976257324217
0.14693222045898435
0.20749053955078123
0.2973743438720703
0.28116188049316404
0.05537948608398435
0.11450729370117185
0.2592273712158203
0.3061958312988281
0.0696846008300781
2.0359226226806637
0.2802082061767578
0.10568580627441404
0.2325244903564453
0.1002021789550781

