0.1409717559814453
0.17768821716308592
0.3538795471191406
0.3076263427734375
0.2959438323974609
0.21583518981933592
0.1211830139160156
0.08422813415527342
0.19127807617187498
0.23037872314453123
0.2833076477050781
0.27973136901855467
0.17625770568847654
0.07087669372558592
0.13572654724121092
0.1993843078613281
0.28306922912597654
0.26256523132324217
0.05323371887207029
0.1154609680175781
0.25875053405761717
0.3088184356689453
0.06706199645996092
0.2031990051269531
0.27472457885742185
0.11236152648925779
0.23204765319824217
0.10115585327148435

