0.13477287292480467
0.17196617126464842
0.2821155548095703
0.32002410888671873
0.2954669952392578
0.18913230895996092
0.10854682922363279
0.06515464782714842
0.15074691772460935
0.20725212097167967
0.3011890411376953
0.2616115570068359
0.17125091552734373
0.10926208496093748
0.14812431335449217
0.20558319091796873
0.29689750671386717
0.22632560729980467
0.056571578979492165
0.1192756652832031
0.22346458435058592
0.2878376007080078
0.07302246093749998
0.19962272644042967
0.2597042083740234
0.11259994506835935
0.1822181701660156
0.16743621826171873

