0.14049491882324217
0.17625770568847654
0.35674057006835935
0.3171630859375
0.2954669952392578
0.21416625976562498
0.12809715270996092
0.09352645874023435
0.19723854064941404
0.23800811767578123
0.28235397338867185
0.28688392639160154
0.19032440185546873
0.08756599426269529
0.1383491516113281
0.2153583526611328
0.29427490234375
0.27973136901855467
0.05156478881835935
0.11331520080566404
0.2527900695800781
0.3081031799316406
0.06420097351074217
0.19890747070312498
0.28426132202148435
0.10878524780273435
0.23729286193847654
0.10234794616699217

