0.13501129150390623
0.2146430969238281
0.31668624877929685
0.320977783203125
0.3042884826660156
0.20248374938964842
0.10806999206542967
0.06825408935546873
0.15193901062011717
0.21607360839843748
0.3023811340332031
0.26471099853515623
0.1764961242675781
0.11617622375488279
0.1478858947753906
0.2058216094970703
0.29451332092285154
0.22537193298339842
0.05895576477050779
0.12595138549804685
0.2542205810546875
0.28736076354980467
0.08255920410156248
0.2020069122314453
0.25445899963378904
0.11283836364746092
0.18364868164062498
0.08208236694335935

