0.12928924560546873
0.17697296142578123
0.3557868957519531
0.3214546203613281
0.3016658782958984
0.21440467834472654
0.12905082702636717
0.0982948303222656
0.19914588928222654
0.23395500183105467
0.28879127502441404
0.2864070892333984
0.19199333190917967
0.07683715820312498
0.1466938018798828
0.20844421386718748
0.2923675537109375
0.27782402038574217
0.049895858764648415
0.11641464233398435
0.2580352783203125
0.3107257843017578
0.06849250793457029
0.20057640075683592
0.27973136901855467
0.11069259643554685
0.23514709472656248
0.10163269042968748

