0.13668022155761717
0.17959556579589842
0.35864791870117185
0.32765350341796873
0.29761276245117185
0.2184577941894531
0.1345344543457031
0.09591064453124998
0.20462951660156248
0.24229965209960935
0.28306922912597654
0.29427490234375
0.19866905212402342
0.0811286926269531
0.14264068603515623
0.21297416687011717
0.3004737854003906
0.27543983459472654
0.05514106750488279
0.11641464233398435
0.25493583679199217
0.3054805755615234
0.07326087951660154
0.20248374938964842
0.27615509033203123
0.11140785217285154
0.23276290893554685
0.10520896911621092

