0.14001808166503904
0.17983398437499998
0.35984001159667967
0.3171630859375
0.301904296875
0.21869621276855467
0.13167343139648435
0.0982948303222656
0.19771537780761717
0.2413459777832031
0.28950653076171873
0.2902217864990234
0.19127807617187498
0.08232078552246092
0.14550170898437498
0.20558319091796873
0.29427490234375
0.27996978759765623
0.05680999755859373
0.12046775817871092
0.25493583679199217
0.30405006408691404
0.07230720520019529
0.19652328491210935
0.2732940673828125
0.1097389221191406
0.22823295593261717
0.1002021789550781

