0.1352497100830078
0.1714893341064453
0.35793266296386717
0.33575973510742185
0.320977783203125
0.22370300292968748
0.13405761718749998
0.09185752868652342
0.19413909912109373
0.23657760620117185
0.28497657775878904
0.2806850433349609
0.1917549133300781
0.08375129699707029
0.1447864532470703
0.20653686523437498
0.29427490234375
0.2775856018066406
0.05204162597656248
0.1211830139160156
0.259942626953125
0.30905685424804685
0.06825408935546873
0.20415267944335935
0.28235397338867185
0.11331520080566404
0.23657760620117185
0.10067901611328123

