0.13572654724121092
0.18174133300781248
0.362939453125
0.32050094604492185
0.30095062255859373
0.23133239746093748
0.13668022155761717
0.09734115600585935
0.19676170349121092
0.23347816467285154
0.28616867065429685
0.28879127502441404
0.19700012207031248
0.08327445983886717
0.14383277893066404
0.20939788818359373
0.2954669952392578
0.27925453186035154
0.05132637023925779
0.12142143249511717
0.2585121154785156
0.3092952728271484
0.06491622924804685
0.19843063354492185
0.27543983459472654
0.10997734069824217
0.2279945373535156
0.10306320190429685

