0.14574012756347654
0.17220458984374998
0.313348388671875
0.32479248046875
0.31048736572265623
0.19962272644042967
0.11188468933105467
0.06420097351074217
0.14931640624999998
0.21607360839843748
0.3054805755615234
0.2561279296875
0.17291984558105467
0.0963874816894531
0.14931640624999998
0.2127357482910156
0.2947517395019531
0.22704086303710935
0.05394897460937498
0.12285194396972654
0.25445899963378904
0.32765350341796873
0.06849250793457029
0.2012916564941406
0.25302848815917967
0.10902366638183592
0.18150291442871092
0.07826766967773435

