0.13024291992187498
0.1784034729003906
0.3603168487548828
0.320977783203125
0.32956085205078123
0.22203407287597654
0.12738189697265623
0.10044059753417967
0.1974769592285156
0.23514709472656248
0.2825923919677734
0.29308280944824217
0.19843063354492185
0.08446655273437498
0.14335594177246092
0.2191730499267578
0.29713592529296873
0.2825923919677734
0.04846534729003904
0.12094459533691404
0.25565109252929685
0.30476531982421873
0.06873092651367185
0.19986114501953123
0.27806243896484373
0.11236152648925779
0.23276290893554685
0.10067901611328123

