0.13668022155761717
0.18341026306152342
0.3596015930175781
0.32360038757324217
0.32813034057617185
0.2172657012939453
0.13358078002929685
0.0944801330566406
0.1974769592285156
0.24468383789062498
0.2864070892333984
0.2871223449707031
0.1936622619628906
0.07993659973144529
0.1447864532470703
0.2184577941894531
0.32550773620605467
0.2775856018066406
0.055617904663085915
0.11903724670410154
0.25755844116210935
0.30786476135253904
0.0658699035644531
0.19962272644042967
0.2680488586425781
0.10878524780273435
0.22894821166992185
0.10473213195800779

