0.13858757019042967
0.17888031005859373
0.36174736022949217
0.32121620178222654
0.30524215698242185
0.2241798400878906
0.12666664123535154
0.09495697021484373
0.23610076904296873
0.23776969909667967
0.2916522979736328
0.28807601928710935
0.19103965759277342
0.07850608825683592
0.16529045104980467
0.20176849365234373
0.29499015808105467
0.27424774169921873
0.05013427734374998
0.11569938659667967
0.24992904663085935
0.32884559631347654
0.07421455383300779
0.19676170349121092
0.275201416015625
0.09853324890136717
0.22656402587890623
0.10497055053710935

