0.13572654724121092
0.1764961242675781
0.3169246673583984
0.32956085205078123
0.30261955261230467
0.20176849365234373
0.11188468933105467
0.06706199645996092
500.76133689880373
0.2153583526611328
0.3016658782958984
0.26828727722167967
0.16719779968261717
0.10330162048339842
0.1505084991455078
0.20868263244628904
0.29761276245117185
0.22656402587890623
0.05728683471679685
0.11665306091308592
0.24802169799804685
0.2852149963378906
0.07278404235839842
0.19962272644042967
0.26447257995605467
0.10950050354003904
0.21035156249999998
0.0849433898925781

