0.1383491516113281
0.16934356689453123
0.3596015930175781
0.31811676025390623
0.3302761077880859
0.22465667724609373
0.1295276641845703
0.09948692321777342
0.19676170349121092
0.2394386291503906
0.28688392639160154
0.28736076354980467
0.19008598327636717
0.08208236694335935
0.1409717559814453
0.20820579528808592
0.29427490234375
0.27853927612304685
0.04822692871093748
0.11856040954589842
0.2561279296875
0.336236572265625
0.0696846008300781
0.19986114501953123
0.27162513732910154
0.1059242248535156
0.22823295593261717
0.09853324890136717

