0.13787231445312498
0.1745887756347656
0.36198577880859373
0.31859359741210935
0.2985664367675781
0.2153583526611328
0.1333423614501953
0.09138069152832029
0.18388710021972654
0.23514709472656248
0.2859302520751953
0.2864070892333984
0.18817863464355467
0.07898292541503904
0.1352497100830078
0.20296058654785154
0.2866455078125
0.2737709045410156
0.049895858764648415
0.12261352539062498
0.24754486083984373
0.32884559631347654
0.0677772521972656
0.20153007507324217
0.27782402038574217
0.10854682922363279
0.23204765319824217
0.10759315490722654

