0.13310394287109373
0.1745887756347656
0.38296661376953123
0.3195472717285156
0.3266998291015625
0.22465667724609373
0.12666664123535154
0.09805641174316404
0.19843063354492185
0.24229965209960935
0.28378448486328123
0.2871223449707031
0.18841705322265623
0.07779083251953123
0.14311752319335935
0.20558319091796873
0.29832801818847654
0.27996978759765623
0.04918060302734373
0.12332878112792967
0.25302848815917967
0.336236572265625
0.06825408935546873
0.20057640075683592
0.28163871765136717
0.1135536193847656
0.2356239318847656
0.09877166748046873

