0.13668022155761717
0.17888031005859373
0.3152557373046875
0.3233619689941406
0.31549415588378904
0.1943775177001953
0.11522254943847654
0.06896934509277342
0.15456161499023435
0.21750411987304685
0.3035732269287109
0.26375732421875
0.21607360839843748
0.10354003906249998
0.15027008056640623
0.20820579528808592
0.29689750671386717
0.22704086303710935
0.05728683471679685
0.11689147949218748
0.23204765319824217
0.28759918212890623
0.07183036804199217
0.20224533081054685
0.2604194641113281
0.11331520080566404
0.18627128601074217
0.08255920410156248

