0.13477287292480467
0.17864189147949217
0.3882118225097656
0.32622299194335935
0.3317066192626953
0.22394142150878904
0.1326271057128906
0.09710273742675779
0.20272216796874998
0.2413459777832031
0.28879127502441404
0.28926811218261717
0.20057640075683592
0.08780441284179685
0.14812431335449217
0.21202049255371092
0.29713592529296873
0.2775856018066406
0.0525184631347656
0.11665306091308592
0.25875053405761717
0.3386207580566406
0.06682357788085935
0.19723854064941404
0.2783008575439453
0.13048133850097654
0.2279945373535156
0.09662590026855467

