0.13238868713378904
0.1772113800048828
0.3798671722412109
0.31477890014648435
0.332421875
0.21678886413574217
0.13215026855468748
0.09543380737304685
0.19700012207031248
0.23657760620117185
0.27973136901855467
0.2864070892333984
0.18841705322265623
0.0849433898925781
0.14168701171874998
0.23347816467285154
0.2928443908691406
0.27424774169921873
0.0467964172363281
0.11975250244140623
0.2577968597412109
0.3252693176269531
0.05776367187499998
0.1936622619628906
0.26661834716796873
0.09972534179687498
0.22179565429687498
0.09567222595214842

