0.13191184997558592
0.17578086853027342
0.3863044738769531
0.32193145751953123
0.32550773620605467
0.22179565429687498
0.1307197570800781
0.09924850463867185
0.21321258544921873
0.23729286193847654
0.2866455078125
0.28879127502441404
0.19890747070312498
0.08542022705078123
0.14454803466796873
0.2051063537597656
0.2978511810302734
0.28163871765136717
0.0563331604003906
0.11712989807128904
0.25374374389648435
0.33266029357910154
0.07659873962402342
0.20057640075683592
0.28306922912597654
0.1097389221191406
0.2504058837890625
0.10258636474609373

