0.13548812866210935
0.17983398437499998
0.39059600830078123
0.3233619689941406
0.3038116455078125
0.21893463134765623
0.13691864013671873
0.09805641174316404
0.19771537780761717
0.23848495483398435
0.28879127502441404
0.2921291351318359
0.20677528381347654
0.08589706420898435
0.15646896362304685
0.20534477233886717
0.30452690124511717
0.27162513732910154
0.05609474182128904
0.12189826965332029
0.2649494171142578
0.30786476135253904
0.07254562377929685
0.20248374938964842
0.275201416015625
0.1059242248535156
0.2299018859863281
0.10163269042968748

