0.13477287292480467
0.17578086853027342
0.38296661376953123
0.3226467132568359
0.32312355041503904
0.22179565429687498
0.12809715270996092
0.09519538879394529
0.19914588928222654
0.23800811767578123
0.28426132202148435
0.28569183349609373
0.19390068054199217
0.0811286926269531
0.15956840515136717
0.21106681823730467
0.31477890014648435
0.27996978759765623
0.049895858764648415
0.11712989807128904
0.25493583679199217
0.3297992706298828
0.06706199645996092
0.2000995635986328
0.27424774169921873
0.11093101501464842
0.23037872314453123
0.10473213195800779

