0.13119659423828123
0.1810260772705078
0.38916549682617185
0.3221698760986328
0.32741508483886717
0.2382465362548828
0.1352497100830078
0.09686431884765623
0.19795379638671873
0.2375312805175781
0.28306922912597654
0.29499015808105467
0.1917549133300781
0.07826766967773435
0.15694580078124998
0.20725212097167967
0.29522857666015623
0.28163871765136717
0.04775009155273435
0.11617622375488279
0.24945220947265623
0.33838233947753904
0.07135353088378904
0.20248374938964842
0.26971778869628904
0.11593780517578123
0.23204765319824217
0.07945976257324217

