0.13381919860839842
0.1860328674316406
0.3832050323486328
0.3169246673583984
0.3240772247314453
0.21893463134765623
0.13477287292480467
0.09114227294921873
0.19676170349121092
0.23872337341308592
0.28163871765136717
0.29141387939453123
0.1898475646972656
0.08184394836425779
0.16481361389160154
0.27234039306640623
0.29880485534667967
0.2821155548095703
0.05490264892578123
0.12332878112792967
0.25898895263671873
0.3348060607910156
0.0715919494628906
0.20343742370605467
0.2732940673828125
0.11903724670410154
0.23729286193847654
0.08279762268066404

