0.1352497100830078
0.17601928710937498
0.38845024108886717
0.32550773620605467
0.40132484436035154
0.22179565429687498
0.13048133850097654
0.09924850463867185
0.2039142608642578
0.23776969909667967
0.28879127502441404
0.28759918212890623
0.19413909912109373
0.08041343688964842
0.1669593811035156
0.21488151550292967
0.29522857666015623
0.27901611328125
0.05871734619140623
0.11951408386230467
0.25493583679199217
0.3336139678955078
0.07206878662109373
0.20486793518066404
0.27591667175292967
0.10663948059082029
0.23419342041015623
0.07993659973144529

