0.1326271057128906
0.17935714721679685
0.3786750793457031
0.32240829467773435
0.3336139678955078
0.2165504455566406
0.13024291992187498
0.09805641174316404
0.19127807617187498
0.23610076904296873
0.28426132202148435
0.290460205078125
0.19700012207031248
0.08065185546874998
0.16171417236328123
0.2077289581298828
0.29642066955566404
0.27925453186035154
0.05013427734374998
0.12094459533691404
0.2577968597412109
0.332421875
0.06896934509277342
0.19986114501953123
0.2768703460693359
0.10878524780273435
0.2318092346191406
0.07707557678222654

