0.14001808166503904
0.17888031005859373
0.3839202880859375
0.35054168701171873
0.34672698974609373
0.2210803985595703
0.12618980407714842
0.09853324890136717
0.20343742370605467
0.23967704772949217
0.2814002990722656
0.290460205078125
0.1898475646972656
0.08398971557617185
0.16099891662597654
0.20343742370605467
0.2871223449707031
0.2768703460693359
0.046081161499023415
0.11784515380859373
0.25374374389648435
0.3321834564208984
0.34028968811035154
0.19700012207031248
0.27424774169921873
0.10926208496093748
0.23204765319824217
0.0830360412597656

