0.12785873413085935
0.22203407287597654
0.35602531433105467
0.41968307495117185
0.35674057006835935
0.40108642578125
0.12523612976074217
0.08589706420898435
0.1676746368408203
0.22203407287597654
0.33313713073730467
0.6535717010498048
0.2520748138427734
0.06515464782714842
0.1249977111816406
0.22012672424316404
0.5343624114990235
0.24682960510253904
0.055617904663085915
0.15909156799316404
0.6597705841064454
0.36317787170410154
0.0792213439941406
0.28116188049316404
0.32932243347167967
0.12070617675781248
0.15789947509765623
0.11093101501464842

