0.12618980407714842
0.20224533081054685
0.3328987121582031
0.4187294006347656
0.33647499084472654
0.40013275146484373
0.12332878112792967
0.08422813415527342
0.16862831115722654
0.2210803985595703
0.3343292236328125
0.663823699951172
0.2508827209472656
0.06324729919433592
0.1230903625488281
0.21893463134765623
0.5295940399169923
0.21869621276855467
0.05323371887207029
0.15885314941406248
0.6597705841064454
0.3615089416503906
0.08041343688964842
0.27782402038574217
0.32765350341796873
0.12046775817871092
0.15694580078124998
0.11140785217285154

