0.1486011505126953
0.15789947509765623
0.4327960968017578
0.4897781372070313
0.41634521484375
0.21202049255371092
0.10234794616699217
0.12404403686523435
0.21774253845214842
0.27424774169921873
0.3534027099609375
0.22537193298339842
0.15313110351562498
0.12547454833984373
0.2020069122314453
0.2902217864990234
0.3779598236083984
0.2165504455566406
0.11522254943847654
0.23610076904296873
0.3176399230957031
0.2852149963378906
0.09924850463867185
0.20153007507324217
0.25112113952636717
0.14812431335449217
0.2184577941894531
0.08589706420898435

