0.15313110351562498
0.16266784667968748
0.3488727569580078
0.4637905120849609
0.3920265197753906
0.21941146850585935
0.10616264343261717
0.1257129669189453
0.19580802917480467
0.24945220947265623
0.35411796569824217
0.21130523681640623
0.15336952209472654
0.12785873413085935
0.20462951660156248
0.28354606628417967
0.3722377777099609
0.19676170349121092
0.14502487182617185
0.21249732971191404
0.3202625274658203
0.2859302520751953
0.1021095275878906
0.20486793518066404
0.2539821624755859
0.14359436035156248
0.22251091003417967
0.0849433898925781

