0.10091743469238279
0.1593299865722656
0.2878376007080078
0.43827972412109373
0.27615509033203123
0.19771537780761717
0.10520896911621092
0.10568580627441404
0.19580802917480467
0.2184577941894531
0.38105926513671873
0.20033798217773435
0.12189826965332029
0.12475929260253904
0.19533119201660154
0.2618499755859375
0.36055526733398435
0.19485435485839842
0.11593780517578123
0.1810260772705078
0.3126331329345703
0.28688392639160154
0.11069259643554685
0.20868263244628904
0.24873695373535154
0.1478858947753906
0.19342384338378904
0.1257129669189453

