0.14883956909179685
0.17411193847656248
0.39345703125
0.4766651153564453
0.41896781921386717
0.21750411987304685
0.11021575927734373
0.12618980407714842
0.21178207397460935
0.26661834716796873
0.35221061706542967
0.20081481933593748
0.15217742919921873
0.1257129669189453
0.2012916564941406
0.2852149963378906
0.382012939453125
0.19461593627929685
0.11879882812499998
0.21011314392089842
0.31430206298828123
0.2883144378662109
0.11116943359374998
0.21011314392089842
0.2561279296875
0.14955482482910154
0.22561035156249998
0.08851966857910154

