0.13882598876953123
0.16362152099609373
0.34529647827148435
0.4645057678222656
0.3989406585693359
0.2401538848876953
0.11045417785644529
0.1314350128173828
0.19080123901367185
0.24563751220703123
0.3538795471191406
0.20629844665527342
0.15766105651855467
0.12452087402343748
0.19533119201660154
0.2871223449707031
0.3805824279785156
0.19723854064941404
0.11617622375488279
0.20558319091796873
0.31787834167480467
0.2866455078125
0.1078315734863281
0.20439109802246092
0.252313232421875
0.15480003356933592
0.22084197998046873
0.08780441284179685

