0.15074691772460935
0.15885314941406248
0.4182525634765625
0.49240074157714847
0.42540512084960935
0.1898475646972656
0.11283836364746092
0.12094459533691404
0.2172657012939453
0.27019462585449217
0.35602531433105467
0.22131881713867185
0.17363510131835935
0.1257129669189453
0.20462951660156248
0.30953369140625
0.3877349853515625
0.1981922149658203
0.11951408386230467
0.23681602478027342
0.3245540618896484
0.2825923919677734
0.1097389221191406
0.20820579528808592
0.25302848815917967
0.14717063903808592
0.2279945373535156
0.0963874816894531

