0.12452087402343748
0.15909156799316404
0.31167945861816404
0.4542537689208984
0.3920265197753906
0.23920021057128904
0.10878524780273435
0.11856040954589842
0.18722496032714842
0.24468383789062498
0.3545948028564453
0.21607360839843748
0.15336952209472654
0.12380561828613279
0.20081481933593748
0.28736076354980467
0.382012939453125
0.19294700622558592
0.11832199096679685
0.20677528381347654
0.31930885314941404
0.28759918212890623
0.11188468933105467
0.20296058654785154
0.24420700073242185
0.1543231964111328
0.18889389038085935
0.08851966857910154

