0.15289268493652342
0.16028366088867185
0.41348419189453123
0.4599758148193359
0.41777572631835935
0.21416625976562498
0.10568580627441404
0.11951408386230467
0.21178207397460935
0.2673336029052734
0.34863433837890623
0.19914588928222654
0.14955482482910154
0.12237510681152342
0.19843063354492185
0.28187713623046873
0.38296661376953123
0.19533119201660154
0.13811073303222654
0.1638599395751953
0.31430206298828123
0.2833076477050781
0.10282478332519529
0.20820579528808592
0.2458759307861328
0.14264068603515623
0.2222724914550781
0.08470497131347654

