0.1505084991455078
0.1574226379394531
0.4206367492675781
0.48214874267578123
0.420159912109375
0.19270858764648435
0.11021575927734373
0.13024291992187498
0.2115436553955078
0.2718635559082031
0.3817745208740234
0.2248950958251953
0.15503845214843748
0.12475929260253904
0.20033798217773435
0.30714950561523435
0.3805824279785156
0.19962272644042967
0.13882598876953123
0.23085556030273435
0.31740150451660154
0.29499015808105467
0.10950050354003904
0.20534477233886717
0.2539821624755859
0.1517005920410156
0.22918663024902342
0.10044059753417967

