0.14812431335449217
0.16266784667968748
0.42230567932128904
0.4828639984130859
0.41729888916015623
0.19127807617187498
0.11379203796386717
0.1288124084472656
0.21511993408203123
0.27162513732910154
0.35221061706542967
0.22942504882812498
0.15456161499023435
0.14931640624999998
0.19771537780761717
0.3126331329345703
0.37962875366210935
0.20296058654785154
0.14526329040527342
0.2325244903564453
0.320977783203125
0.28426132202148435
0.10830841064453123
0.20987472534179685
0.2546974182128906
0.1555152893066406
0.22584877014160154
0.09138069152832029

