0.1466938018798828
0.1612373352050781
0.42087516784667967
0.4883476257324219
0.4206367492675781
0.19008598327636717
0.10878524780273435
0.1307197570800781
0.21488151550292967
0.28235397338867185
0.35054168701171873
0.2210803985595703
0.1536079406738281
0.1421638488769531
0.20153007507324217
0.31430206298828123
0.38153610229492185
0.1924701690673828
0.12046775817871092
0.2318092346191406
0.3164478302001953
0.28306922912597654
0.10735473632812498
0.20224533081054685
0.25326690673828123
0.1497932434082031
0.2248950958251953
0.08947334289550779

