0.12857398986816404
0.16242942810058592
0.31859359741210935
0.46307525634765623
0.39107284545898435
0.24277648925781248
0.11426887512207029
0.11903724670410154
0.19103965759277342
0.24659118652343748
0.35602531433105467
0.19890747070312498
0.15313110351562498
0.1276203155517578
0.2051063537597656
0.2847381591796875
0.382012939453125
0.19270858764648435
0.1154609680175781
0.20844421386718748
0.3195472717285156
0.2847381591796875
0.10497055053710935
0.20915946960449217
0.25636634826660154
0.1543231964111328
0.19270858764648435
0.08661231994628904

