0.14883956909179685
0.1619525909423828
0.42111358642578123
0.4902549743652344
0.4182525634765625
0.19032440185546873
0.1173683166503906
0.12809715270996092
0.21130523681640623
0.27043304443359373
0.3741451263427734
0.22513351440429685
0.15193901062011717
0.1230903625488281
0.19986114501953123
0.3138252258300781
0.3798671722412109
0.19676170349121092
0.14717063903808592
0.23681602478027342
0.31811676025390623
0.2871223449707031
0.1135536193847656
0.21416625976562498
0.25135955810546873
0.15789947509765623
0.2241798400878906
0.09042701721191404

