0.15456161499023435
0.1688667297363281
0.3176399230957031
0.4614063262939453
0.3417201995849609
0.2413459777832031
0.09018859863281248
0.12785873413085935
0.1879402160644531
0.2508827209472656
0.35292587280273435
0.20033798217773435
0.15861473083496092
0.14240226745605467
0.2031990051269531
0.28807601928710935
0.39178810119628904
0.1962848663330078
0.11808357238769529
0.19700012207031248
0.3112026214599609
0.2864070892333984
0.10330162048339842
0.21035156249999998
0.25302848815917967
0.14383277893066404
0.19342384338378904
0.08661231994628904

