0.09781799316406248
0.1593299865722656
0.290460205078125
0.4301734924316406
0.31859359741210935
0.20987472534179685
0.10711631774902342
0.09591064453124998
0.18507919311523435
0.24563751220703123
0.4473396301269531
0.19795379638671873
0.12046775817871092
0.11856040954589842
0.19962272644042967
0.28306922912597654
0.3779598236083984
0.19604644775390623
0.1211830139160156
0.18078765869140623
0.3169246673583984
0.2814002990722656
0.10711631774902342
0.22775611877441404
0.2597042083740234
0.14574012756347654
0.19390068054199217
0.09400329589843748

