0.1249977111816406
0.1555152893066406
0.3176399230957031
0.45902214050292967
0.35244903564453123
0.24063072204589842
0.10330162048339842
0.12666664123535154
0.18579444885253904
0.23896179199218748
0.37891349792480467
0.19270858764648435
0.1269050598144531
0.11903724670410154
0.24277648925781248
0.2825923919677734
0.3812976837158203
0.19795379638671873
0.12070617675781248
0.20462951660156248
0.31549415588378904
0.2821155548095703
0.10878524780273435
0.20486793518066404
0.2504058837890625
0.14550170898437498
0.18770179748535154
0.09519538879394529

