0.14907798767089842
0.15694580078124998
0.42659721374511717
0.4971691131591797
0.41968307495117185
0.19032440185546873
0.1097389221191406
0.1257129669189453
0.21416625976562498
0.2699562072753906
0.34982643127441404
0.22584877014160154
0.15122375488281248
0.12666664123535154
0.20248374938964842
0.3119178771972656
0.37962875366210935
0.19533119201660154
0.1230903625488281
0.2279945373535156
0.320977783203125
0.28163871765136717
0.10830841064453123
0.20653686523437498
0.2539821624755859
0.14740905761718748
0.22537193298339842
0.09114227294921873

