0.1524158477783203
0.1619525909423828
0.37152252197265623
0.46355209350585935
0.39751014709472654
0.2413459777832031
0.11093101501464842
0.12547454833984373
0.19127807617187498
0.27281723022460935
0.35173377990722654
0.20272216796874998
0.15575370788574217
0.12189826965332029
0.19652328491210935
0.28497657775878904
0.38105926513671873
0.19461593627929685
0.12213668823242185
0.20749053955078123
0.30023536682128904
0.28616867065429685
0.10878524780273435
0.20749053955078123
0.2539821624755859
0.1459785461425781
0.2279945373535156
0.09567222595214842

