0.15336952209472654
0.1562305450439453
0.41896781921386717
0.49573860168457035
0.4187294006347656
0.19676170349121092
0.10544738769531248
0.12404403686523435
0.2184577941894531
0.27019462585449217
0.3991790771484375
0.2260871887207031
0.15146217346191404
0.13238868713378904
0.20105323791503904
0.3157325744628906
0.3812976837158203
0.19604644775390623
0.13763389587402342
0.23037872314453123
0.32383880615234373
0.28116188049316404
0.11236152648925779
0.21106681823730467
0.25755844116210935
0.14931640624999998
0.21988830566406248
0.08589706420898435

