0.13048133850097654
0.15861473083496092
0.31787834167480467
0.4625984191894531
0.38415870666503904
0.23800811767578123
0.11522254943847654
0.12475929260253904
0.19270858764648435
0.2546974182128906
0.41276893615722654
0.19604644775390623
0.12452087402343748
0.13167343139648435
0.20462951660156248
0.28807601928710935
0.3812976837158203
0.19866905212402342
0.11498413085937498
0.20987472534179685
0.32050094604492185
0.2847381591796875
0.10258636474609373
0.20629844665527342
0.2535053253173828
0.14907798767089842
0.19127807617187498
0.08565864562988279

