0.14883956909179685
0.15456161499023435
0.427789306640625
0.45735321044921873
0.3932186126708984
0.2127357482910156
0.11379203796386717
0.12809715270996092
0.21631202697753904
0.2730556488037109
0.3495880126953125
0.19270858764648435
0.15289268493652342
0.13167343139648435
0.1955696105957031
0.28998336791992185
0.37724456787109373
0.19723854064941404
0.11426887512207029
0.20939788818359373
0.3138252258300781
0.28163871765136717
0.11021575927734373
0.20677528381347654
0.2439685821533203
0.14812431335449217
0.21678886413574217
0.10902366638183592

