0.14502487182617185
0.16290626525878904
0.41515312194824217
0.4816719055175781
0.4225440979003906
0.21106681823730467
0.1040168762207031
0.12356719970703123
0.21130523681640623
0.267572021484375
0.3534027099609375
0.22966346740722654
0.20057640075683592
0.12428245544433592
0.1981922149658203
0.2864070892333984
0.4008480072021484
0.18364868164062498
0.11689147949218748
0.20224533081054685
0.3169246673583984
0.27806243896484373
0.10854682922363279
0.21035156249999998
0.25112113952636717
0.14645538330078123
0.2184577941894531
0.08518180847167967

