0.10044059753417967
0.14550170898437498
0.2928443908691406
0.4618831634521484
0.28998336791992185
0.19723854064941404
0.11665306091308592
0.09757957458496092
0.1943775177001953
0.22394142150878904
0.4041858673095703
0.20033798217773435
0.12928924560546873
0.12905082702636717
0.20486793518066404
0.3157325744628906
0.3901191711425781
0.19580802917480467
0.1230903625488281
0.1822181701660156
0.3214546203613281
0.28688392639160154
0.10878524780273435
0.20486793518066404
0.24945220947265623
0.1459785461425781
0.20296058654785154
0.08851966857910154

