0.12404403686523435
0.1581378936767578
0.34529647827148435
0.4652210235595703
0.39250335693359373
0.24349174499511717
0.11593780517578123
0.12475929260253904
0.18937072753906248
0.2413459777832031
0.35984001159667967
0.19676170349121092
0.15146217346191404
0.12618980407714842
0.20534477233886717
0.2864070892333984
0.3781982421875
0.1943775177001953
0.1154609680175781
0.21225891113281248
0.31430206298828123
0.27543983459472654
0.10425529479980467
0.20606002807617185
0.24826011657714842
0.1383491516113281
0.22274932861328123
0.09304962158203123

