0.1249977111816406
0.15670738220214842
0.41968307495117185
0.4895397186279297
0.41968307495117185
0.1867481231689453
0.10473213195800779
0.12905082702636717
0.2096363067626953
0.2668567657470703
0.37700614929199217
0.21964988708496092
0.15193901062011717
0.1269050598144531
0.20439109802246092
0.31167945861816404
0.38296661376953123
0.1943775177001953
0.1428791046142578
0.23037872314453123
0.3171630859375
0.2840229034423828
0.10759315490722654
0.20343742370605467
0.23991546630859373
0.15003166198730467
0.2248950958251953
0.08971176147460935

