0.14740905761718748
0.1581378936767578
0.4144378662109375
0.48381767272949217
0.4144378662109375
0.18722496032714842
0.10830841064453123
0.11999092102050779
0.20844421386718748
0.2680488586425781
0.37724456787109373
0.22632560729980467
0.15098533630371092
0.12404403686523435
0.20272216796874998
0.3126331329345703
0.3779598236083984
0.2260871887207031
0.14073333740234373
0.23109397888183592
0.31811676025390623
0.28879127502441404
0.10997734069824217
0.20462951660156248
0.24659118652343748
0.1543231964111328
0.2210803985595703
0.0830360412597656

