0.1466938018798828
0.16028366088867185
0.4263587951660156
0.48930130004882816
0.427789306640625
0.1924701690673828
0.10759315490722654
0.13095817565917967
0.21297416687011717
0.27281723022460935
0.37390670776367185
0.21678886413574217
0.1574226379394531
0.12356719970703123
0.20343742370605467
0.3145404815673828
0.382012939453125
0.20153007507324217
0.12142143249511717
0.2325244903564453
0.32002410888671873
0.2859302520751953
0.11236152648925779
0.20439109802246092
0.24611434936523435
0.1726814270019531
0.21869621276855467
0.08780441284179685

