0.12046775817871092
0.16028366088867185
0.4175373077392578
0.4909702301025391
0.4244514465332031
0.2172657012939453
0.1345344543457031
0.12618980407714842
0.21988830566406248
0.27591667175292967
0.3755756378173828
0.22322616577148435
0.15313110351562498
0.12070617675781248
0.20725212097167967
0.31406364440917967
0.3779598236083984
0.19676170349121092
0.14073333740234373
0.2363391876220703
0.3226467132568359
0.28378448486328123
0.10449371337890623
0.20725212097167967
0.2558895111083984
0.15694580078124998
0.22727928161621092
0.08255920410156248

