0.1505084991455078
0.1593299865722656
0.3457733154296875
0.4633136749267578
0.39631805419921873
0.23705444335937498
0.11498413085937498
0.12404403686523435
0.19604644775390623
0.24802169799804685
0.34911117553710935
0.19652328491210935
0.14693222045898435
0.12380561828613279
0.1981922149658203
0.282830810546875
0.3801055908203125
0.19890747070312498
0.11951408386230467
0.20868263244628904
0.31597099304199217
0.2825923919677734
0.10997734069824217
0.21368942260742185
0.25493583679199217
0.1440711975097656
0.22394142150878904
0.09138069152832029

