0.14836273193359373
0.15694580078124998
0.41849098205566404
0.48882446289062503
0.4296966552734375
0.2172657012939453
0.11307678222656248
0.1269050598144531
0.2115436553955078
0.2783008575439453
0.38105926513671873
0.22727928161621092
0.15098533630371092
0.12523612976074217
0.19986114501953123
0.320977783203125
0.38415870666503904
0.1981922149658203
0.14192543029785154
0.24110755920410154
0.3264614105224609
0.2802082061767578
0.1154609680175781
0.20987472534179685
0.2554126739501953
0.15074691772460935
0.22561035156249998
0.09090385437011717

