0.14907798767089842
0.16648254394531248
0.42159042358398435
0.4847713470458984
0.4218288421630859
0.21678886413574217
0.10950050354003904
0.12809715270996092
0.22775611877441404
0.26781044006347654
0.35030326843261717
0.22966346740722654
0.1497932434082031
0.11951408386230467
0.19485435485839842
0.28163871765136717
0.3755756378173828
0.19533119201660154
0.11641464233398435
0.23085556030273435
0.3171630859375
0.2821155548095703
0.11236152648925779
0.20248374938964842
0.2542205810546875
0.14240226745605467
0.22513351440429685
0.08899650573730467

