0.10067901611328123
0.1536079406738281
0.3119178771972656
0.46283683776855467
0.3190704345703125
0.2165504455566406
0.10663948059082029
0.09901008605957029
0.15336952209472654
0.24921379089355467
0.40633163452148435
0.19723854064941404
0.12332878112792967
0.12094459533691404
0.19890747070312498
0.2825923919677734
0.3786750793457031
0.19413909912109373
0.1192756652832031
0.20224533081054685
0.313348388671875
0.28378448486328123
0.1021095275878906
0.20439109802246092
0.25112113952636717
0.14502487182617185
0.1936622619628906
0.08470497131347654

