0.1230903625488281
0.15861473083496092
0.3171630859375
0.45711479187011717
0.3305145263671875
0.2401538848876953
0.10926208496093748
0.1257129669189453
0.1886554718017578
0.24611434936523435
0.35554847717285154
0.19723854064941404
0.12547454833984373
0.1192756652832031
0.19986114501953123
0.28569183349609373
0.37915191650390623
0.19914588928222654
0.11879882812499998
0.19890747070312498
0.3152557373046875
0.2864070892333984
0.10115585327148435
0.20343742370605467
0.24945220947265623
0.14383277893066404
0.18913230895996092
0.08971176147460935

