0.14550170898437498
0.15980682373046873
0.4137226104736328
0.46808204650878904
0.4175373077392578
0.22060356140136717
0.11331520080566404
0.12332878112792967
0.21488151550292967
0.27090988159179685
0.3495880126953125
0.20033798217773435
0.15480003356933592
0.12618980407714842
0.19485435485839842
0.28545341491699217
0.3793903350830078
0.1955696105957031
0.1192756652832031
0.20987472534179685
0.31668624877929685
0.29069862365722654
0.10806999206542967
0.20415267944335935
0.25112113952636717
0.1497932434082031
0.2203651428222656
0.08851966857910154

