0.12332878112792967
0.16242942810058592
0.32050094604492185
0.4594989776611328
0.3901191711425781
0.23872337341308592
0.11450729370117185
0.1276203155517578
0.18698654174804685
0.24349174499511717
0.3476806640625
0.19795379638671873
0.15098533630371092
0.1314350128173828
0.20224533081054685
0.2885528564453125
0.38105926513671873
0.19652328491210935
0.11832199096679685
0.20725212097167967
0.32360038757324217
0.2859302520751953
0.11045417785644529
0.20653686523437498
0.24563751220703123
0.14693222045898435
0.22131881713867185
0.08542022705078123

