0.1505084991455078
0.16028366088867185
0.4175373077392578
0.48882446289062503
0.42230567932128904
0.1974769592285156
0.11474571228027342
0.1288124084472656
0.2127357482910156
0.27424774169921873
0.38344345092773435
0.2260871887207031
0.1517005920410156
0.12237510681152342
0.19700012207031248
0.3202625274658203
0.3839202880859375
0.20033798217773435
0.1409717559814453
0.22966346740722654
0.3157325744628906
0.28354606628417967
0.10425529479980467
0.21607360839843748
0.25135955810546873
0.14812431335449217
0.22441825866699217
0.08947334289550779

