0.12165985107421873
0.15670738220214842
0.3150173187255859
0.46212158203125
0.40013275146484373
0.26399574279785154
0.15956840515136717
0.1257129669189453
0.19270858764648435
0.25183639526367185
0.3607936859130859
0.20486793518066404
0.1574226379394531
0.12618980407714842
0.19986114501953123
0.28879127502441404
0.3805824279785156
0.18913230895996092
0.12332878112792967
0.2165504455566406
0.31859359741210935
0.2871223449707031
0.10330162048339842
0.2070137023925781
0.2535053253173828
0.14931640624999998
0.19652328491210935
0.08899650573730467

