0.14812431335449217
0.15480003356933592
0.39059600830078123
0.45902214050292967
0.3932186126708984
0.2096363067626953
0.11307678222656248
0.12452087402343748
0.18627128601074217
0.26399574279785154
0.3493495941162109
0.20343742370605467
0.15122375488281248
0.1211830139160156
0.19795379638671873
0.28235397338867185
0.38153610229492185
0.22632560729980467
0.11760673522949217
0.2012916564941406
0.31859359741210935
0.2866455078125
0.1040168762207031
0.20367584228515623
0.24349174499511717
0.14621696472167967
0.22155723571777342
0.08422813415527342

