0.14764747619628904
0.15909156799316404
0.4225440979003906
0.49311599731445316
0.427789306640625
0.1962848663330078
0.10926208496093748
0.12809715270996092
0.21941146850585935
0.27090988159179685
0.3786750793457031
0.22513351440429685
0.15527687072753904
0.12332878112792967
0.20367584228515623
0.3092952728271484
0.40108642578125
0.20105323791503904
0.13572654724121092
0.23848495483398435
0.3188320159912109
0.28163871765136717
0.11212310791015623
0.21321258544921873
0.25064430236816404
0.15098533630371092
0.22012672424316404
0.09304962158203123

