0.15146217346191404
0.15980682373046873
0.34481964111328123
0.45473060607910154
0.39679489135742185
0.2134510040283203
0.1116462707519531
0.12642822265624998
0.1905628204345703
0.27138671875
0.3534027099609375
0.20176849365234373
0.15503845214843748
0.12618980407714842
0.20176849365234373
0.2921291351318359
0.3801055908203125
0.20224533081054685
0.11403045654296873
0.20606002807617185
0.3190704345703125
0.31668624877929685
0.10687789916992185
0.20987472534179685
0.2515979766845703
0.1497932434082031
0.21702728271484373
0.08422813415527342

