0.12332878112792967
0.15480003356933592
0.4175373077392578
0.4823871612548828
0.4194446563720703
0.18913230895996092
0.10139427185058592
0.11951408386230467
0.21225891113281248
0.27043304443359373
0.35221061706542967
0.19580802917480467
0.14812431335449217
0.12428245544433592
0.20439109802246092
0.28807601928710935
0.3801055908203125
0.19032440185546873
0.11641464233398435
0.22966346740722654
0.31215629577636717
0.28044662475585935
0.11069259643554685
0.2089210510253906
0.24611434936523435
0.14240226745605467
0.2184577941894531
0.08613548278808592

