0.14836273193359373
0.16147575378417967
0.4244514465332031
0.4866786956787109
0.42159042358398435
0.21011314392089842
0.10997734069824217
0.12404403686523435
0.21178207397460935
0.2711483001708984
0.36127052307128904
0.21631202697753904
0.1543231964111328
0.12237510681152342
0.20105323791503904
0.30524215698242185
0.3741451263427734
0.1905628204345703
0.12046775817871092
0.23490867614746092
0.3190704345703125
0.28616867065429685
0.11069259643554685
0.1993843078613281
0.25135955810546873
0.14311752319335935
0.22155723571777342
0.08422813415527342

