0.15098533630371092
0.1612373352050781
0.42349777221679685
0.48524818420410154
0.41849098205566404
0.18770179748535154
0.10830841064453123
0.12356719970703123
0.2172657012939453
0.2694793701171875
0.35674057006835935
0.22346458435058592
0.15193901062011717
0.1211830139160156
0.1962848663330078
0.3112026214599609
0.38105926513671873
0.1974769592285156
0.11951408386230467
0.23037872314453123
0.3169246673583984
0.2878376007080078
0.11212310791015623
0.20558319091796873
0.27472457885742185
0.15098533630371092
0.21964988708496092
0.08351287841796873

