0.12452087402343748
0.15956840515136717
0.3202625274658203
0.46164474487304685
0.37462196350097654
0.2413459777832031
0.11116943359374998
0.13358078002929685
0.19413909912109373
0.23872337341308592
0.38606605529785154
0.19962272644042967
0.13095817565917967
0.1269050598144531
0.20176849365234373
0.2883144378662109
0.3767677307128906
0.19509277343749998
0.12094459533691404
0.20677528381347654
0.3150173187255859
0.27973136901855467
0.1040168762207031
0.2070137023925781
0.2649494171142578
0.14693222045898435
0.19461593627929685
0.08899650573730467

