0.15122375488281248
0.15670738220214842
0.3443428039550781
0.4618831634521484
0.3908344268798828
0.21416625976562498
0.1059242248535156
0.12833557128906248
0.18388710021972654
0.2451606750488281
0.3457733154296875
0.19843063354492185
0.15599212646484373
0.12356719970703123
0.1993843078613281
0.28569183349609373
0.3781982421875
0.19962272644042967
0.1135536193847656
0.20057640075683592
0.31358680725097654
0.28497657775878904
0.10759315490722654
0.20653686523437498
0.2439685821533203
0.14574012756347654
0.2172657012939453
0.08995018005371092

