0.15408477783203123
0.16290626525878904
0.4182525634765625
0.4890628814697266
0.4218288421630859
0.2222724914550781
0.10735473632812498
0.12475929260253904
0.21392784118652342
0.26828727722167967
0.3805824279785156
0.2241798400878906
0.1562305450439453
0.12142143249511717
0.19866905212402342
0.3126331329345703
0.374383544921875
0.19795379638671873
0.14526329040527342
0.23300132751464842
0.31406364440917967
0.2878376007080078
0.1886554718017578
0.20534477233886717
0.25183639526367185
0.1478858947753906
0.2203651428222656
0.09209594726562498

